2 	 4.07916166955974
2 	 4.07916166955974
2 	 4.08496212532323
2 	 4.08501859976351
2 	 4.07916166955974
2 	 4.08496212532323
2 	 4.08496212532323
2 	 4.08496212532323
2 	 4.08496212532323
2 	 4.08496212532323
2 	 4.08496212532323
2 	 4.07916166955974
2 	 4.08496212532323
2 	 4.07916166955974
2 	 4.08496212532323
2 	 4.08496212532323
2 	 4.08496212532323
2 	 4.07916166955974
2 	 4.07916166955974
2 	 4.08496212532323
3 	 4.03244385520991
3 	 4.01893549729939
3 	 3.90383585387849
3 	 4.01285466793899
3 	 4.01285466793899
3 	 4.05448202293603
3 	 4.03323736361739
3 	 4.01355095657795
3 	 4.06201144765081
3 	 4.01355095657795
3 	 4.04944872732161
3 	 4.06122904113846
3 	 4.01060626432339
3 	 3.92828808909845
3 	 4.03244385520991
3 	 4.04944872732161
3 	 4.02581019616064
3 	 4.01355095657795
3 	 4.05496278453358
3 	 4.01424903688758
4 	 3.83081081887872
4 	 3.90002674034657
4 	 3.89321538004044
4 	 3.88410740302398
4 	 3.92016611948696
4 	 3.88218442886164
4 	 3.91133697656344
4 	 3.51946285006851
4 	 3.91057322561929
4 	 3.90002674034657
4 	 4.34848244760791
4 	 4.39519972842073
4 	 4.45841811884717
4 	 3.88410740302398
4 	 3.90002674034657
4 	 3.89932206692249
4 	 3.89281769268436
4 	 3.86579846126076
4 	 3.82578396091832
4 	 3.91666364834817
5 	 3.79174428331719
5 	 3.79111235229316
5 	 4.17560426750848
5 	 3.79056708474804
5 	 3.79394639815363
5 	 3.78768233319901
5 	 4.12355064698916
5 	 3.88437178511435
5 	 4.11443858499771
5 	 3.78070762921978
5 	 4.12910218984354
5 	 3.78980873852579
5 	 4.14483246532294
5 	 3.79101151897257
5 	 3.80849070089857
5 	 3.78599832085016
5 	 3.78600642004356
5 	 4.13102856353338
5 	 3.7634316953588
5 	 3.80665610270504
6 	 3.81993996169875
6 	 3.73155199512467
6 	 3.99827910599212
6 	 3.98414099145247
6 	 3.82352898567003
6 	 3.77969419839309
6 	 3.7203439530708
6 	 3.76639971031537
6 	 3.7539888843189
6 	 4.01857312783824
6 	 3.68763191698872
6 	 3.74733227195851
6 	 3.14955311679464
6 	 4.01011894164604
6 	 4.01011894164604
6 	 4.01033889623567
6 	 3.69682146239059
6 	 4.00446000071686
6 	 3.79577305073711
6 	 3.4791034191279
7 	 3.89938996688226
7 	 3.97382690130157
7 	 4.09665230250323
7 	 3.88673399239469
7 	 3.8698688039233
7 	 3.86907002816962
7 	 3.61420957602468
7 	 3.67071493701182
7 	 3.88781108524099
7 	 3.64318256778386
7 	 3.70676797238691
7 	 3.75391124014736
7 	 4.20279453038384
7 	 3.91215183177073
7 	 3.41574850450716
7 	 3.88001867743032
7 	 3.9405489711606
7 	 3.68837881254001
7 	 3.89218923943968
7 	 3.93444672903553
8 	 3.89836452231205
8 	 3.82792795674092
8 	 3.88798249122984
8 	 3.86331860301197
8 	 3.20262070186386
8 	 3.80562427455618
8 	 3.90643790470815
8 	 4.28192480939249
8 	 3.47882385895422
8 	 3.80048311437151
8 	 3.91914385328032
8 	 3.40050919082073
8 	 3.01078566972496
8 	 3.73957332448857
8 	 3.85467740824552
8 	 3.87231101459888
8 	 3.78705693687771
8 	 3.5998647978172
8 	 3.85284755903101
8 	 3.86761833164494
9 	 3.78215579822064
9 	 3.91221050940186
9 	 3.80238534079605
9 	 3.86872624617622
9 	 3.43289756426809
9 	 3.70183302335125
9 	 3.73616750979297
9 	 3.77453917770971
9 	 3.72413157652102
9 	 3.82298006748943
9 	 3.73454555353333
9 	 2.90593789582945
9 	 3.72392083858873
9 	 3.64329636784078
9 	 3.38497786576848
9 	 3.76558942827755
9 	 3.45721529117027
9 	 4.0713606191496
9 	 3.93253493408085
9 	 4.03678110105834
10 	 3.34306380456136
10 	 3.99725819739817
10 	 3.77221601763652
10 	 3.72967519794544
10 	 3.7860763534811
10 	 3.34934722058295
10 	 3.57624858220644
10 	 3.73662155416877
10 	 3.77331788400305
10 	 3.68700763392807
10 	 3.96668851716769
10 	 3.72529565050434
10 	 3.45505946065686
10 	 3.60242427188034
10 	 3.58690248479691
10 	 3.75935016476622
10 	 3.41539288644435
10 	 3.73268816378312
10 	 3.81301613820852
10 	 3.77252006356565
11 	 3.69328440164388
11 	 3.43319421512392
11 	 3.6147816922751
11 	 3.77582990310445
11 	 4.0119680259858
11 	 3.74732647341971
11 	 3.96159154045453
11 	 3.6928034533709
11 	 3.80730026038316
11 	 3.70341343002858
11 	 4.11584010244305
11 	 3.83901292316306
11 	 3.88558122553219
11 	 3.42059819543175
11 	 3.68447842675917
11 	 3.9566664473106
11 	 3.66711968316339
11 	 3.73006878124756
11 	 3.9709278034736
11 	 4.11173043592322
12 	 3.37483589939687
12 	 3.87170500885986
12 	 3.65769918613492
12 	 3.42021800469204
12 	 3.86641672997271
12 	 3.48725957477599
12 	 3.82785893670066
12 	 3.11351350063089
12 	 4.11376439793213
12 	 3.91209926557447
12 	 3.52392297010157
12 	 3.75126671563556
12 	 3.79646039499099
12 	 3.79951108650463
12 	 3.76022539447167
12 	 3.70401214380634
12 	 3.45811062951974
12 	 3.75040261958048
12 	 3.53927450805334
12 	 3.42996270506341
13 	 3.69985635503962
13 	 3.42012465496705
13 	 3.1595981703214
13 	 3.46291094987279
13 	 3.3980500587619
13 	 3.62274076482375
13 	 3.73293500371284
13 	 3.48946289443396
13 	 3.83018435349394
13 	 3.80792012114078
13 	 3.77437492598215
13 	 3.87904466795603
13 	 3.39346346874981
13 	 3.77403839009921
13 	 3.74219667970716
13 	 3.11773705277508
13 	 3.4478747381323
13 	 3.65700941944991
13 	 3.38241015288722
13 	 3.67165216759809
14 	 3.8283910922004
14 	 3.52422722658244
14 	 3.47706673014226
14 	 3.67883037928023
14 	 3.41716659517662
14 	 3.3678701810173
14 	 3.38034482140101
14 	 3.74751035775991
14 	 3.64094337651617
14 	 3.42706340000433
14 	 3.24532332525452
14 	 3.86667438825326
14 	 3.92583977920377
14 	 3.4059742183254
14 	 3.3217445311278
14 	 3.58466899243377
14 	 3.66203094203852
14 	 3.74633376898181
14 	 3.42551444168512
14 	 3.64387992684521
15 	 3.61447829308099
15 	 3.84111697360647
15 	 3.7875906835118
15 	 3.48476230412987
15 	 3.32893963055239
15 	 3.46263734424057
15 	 3.58413228926014
15 	 3.47255555347158
15 	 3.7810884812794
15 	 3.79239664714057
15 	 3.32880010988841
15 	 3.68083574761101
15 	 3.73208010208908
15 	 3.64723157754126
15 	 3.52174289725708
15 	 3.4773949088654
15 	 3.51961137535037
15 	 3.77408870167866
15 	 3.69760698531952
15 	 3.66683469174024
16 	 3.77993343429246
16 	 3.68655762557811
16 	 3.39092112879553
16 	 3.51846250159457
16 	 3.47018294906091
16 	 3.54470211889542
16 	 3.13514944509395
16 	 3.2868823803909
16 	 3.46398503856139
16 	 3.25186711783657
16 	 3.48196814032435
16 	 3.6935408138787
16 	 3.6656284969932
16 	 3.74894907366194
16 	 3.78322925054444
16 	 3.39631849332863
16 	 3.31588196902609
16 	 3.87952614963947
16 	 3.42093129410076
16 	 3.42639026782908
17 	 3.62599688355232
17 	 3.40696897588567
17 	 3.67253097513955
17 	 3.47333333154472
17 	 3.93098781373644
17 	 3.56039085893297
17 	 3.32868978006469
17 	 3.33807588754244
17 	 3.61359993702829
17 	 3.60322689983994
17 	 3.07703470399598
17 	 3.58292678939324
17 	 3.08973458004554
17 	 3.20067545066631
17 	 3.47557903465996
17 	 3.7521218178562
17 	 3.50466874905663
17 	 3.56237169695209
17 	 3.54398263231349
17 	 3.43250866456212
18 	 3.21367742604099
18 	 3.63939133014749
18 	 3.63876404268527
18 	 3.59305009726539
18 	 3.60413208918178
18 	 3.62535580065454
18 	 3.47568801912062
18 	 3.3999106165054
18 	 3.21797956260345
18 	 3.57698836362503
18 	 3.33494046122032
18 	 3.54725944757494
18 	 3.48426962003292
18 	 3.21028052761343
18 	 3.34592808190051
18 	 3.98162545601075
18 	 3.7645328578435
18 	 3.12283813752303
18 	 3.70311230346363
18 	 3.31235211053384
19 	 3.21722097276478
19 	 3.41012608147402
19 	 3.29958779730089
19 	 3.70470954399815
19 	 3.40894195329689
19 	 3.50002213365231
19 	 3.67470887168446
19 	 3.51760006290957
19 	 3.67709171950568
19 	 3.22909161403999
19 	 3.23690525335347
19 	 3.64349089182592
19 	 3.63020202484696
19 	 3.52082620356618
19 	 3.5744749110351
19 	 3.87491987196403
19 	 3.48015512584626
19 	 3.30171538595761
19 	 3.17353006824349
19 	 3.6120698355042
20 	 3.09775249676146
20 	 3.3764172638342
20 	 3.5258579019363
20 	 3.49030724804711
20 	 3.47718975322026
20 	 3.539010242799
20 	 3.06694433114979
20 	 3.33720649945497
20 	 3.54010448073107
20 	 3.60612092155051
20 	 3.57568295407582
20 	 3.58387265277101
20 	 3.35483727510741
20 	 3.39207841785531
20 	 3.20351142980577
20 	 3.11445532072074
20 	 3.65028680989615
20 	 3.09214616518693
20 	 3.74204851593292
20 	 3.09687266047455
21 	 3.21490901290162
21 	 3.47955570508504
21 	 3.4144994028722
21 	 3.40484088599974
21 	 3.42596400825327
21 	 3.70028604493169
21 	 3.22318888524786
21 	 3.42525156776339
21 	 3.23201348048861
21 	 3.41512624080386
21 	 3.7865870884141
21 	 3.31981393262481
21 	 3.39762830554804
21 	 3.39716624206345
21 	 3.39616711495649
21 	 3.51560288884487
21 	 3.21658186472871
21 	 3.63231686371535
21 	 3.32664609725116
21 	 3.58979800492249
22 	 3.40353916063766
22 	 3.7049504219331
22 	 3.32027477841421
22 	 3.41444686440471
22 	 3.43192434529092
22 	 3.23440134717394
22 	 3.59659592904294
22 	 2.8441117091636
22 	 3.5644337265604
22 	 3.33640360932339
22 	 3.02900291076215
22 	 3.84426014753171
22 	 3.64086529887516
22 	 3.54270015006456
22 	 3.38020631221751
22 	 3.50829064884332
22 	 3.11623975393258
22 	 3.34454778841015
22 	 3.1440181066497
22 	 3.47997176035512
23 	 3.48309141004143
23 	 3.56925934902762
23 	 3.54217587456743
23 	 3.18802582355195
23 	 3.37372546942604
23 	 3.28538189845145
23 	 3.18519325407057
23 	 3.41705350947991
23 	 3.77957536635263
23 	 3.45410242994671
23 	 3.68570736395727
23 	 3.21361842540317
23 	 3.33151604061704
23 	 3.77724492419968
23 	 3.54710518467989
23 	 3.37398735329695
23 	 3.52163815463003
23 	 3.37744513039779
23 	 3.51452541198661
23 	 2.90080086605018
24 	 3.2650678161565
24 	 3.42626714096141
24 	 3.66130750216166
24 	 3.15486958249147
24 	 3.27748566926832
24 	 3.30730355690848
24 	 3.25803516187616
24 	 3.44000786252139
24 	 3.25982909435303
24 	 3.24156756927024
24 	 3.39927527053804
24 	 3.52879252335105
24 	 3.25694421384292
24 	 3.15412609150435
24 	 3.25101111531656
24 	 3.52913148601376
24 	 3.28541167013079
24 	 3.49685553131376
24 	 3.48126292164475
24 	 3.15945221896169
25 	 3.53562988339822
25 	 3.43347912159451
25 	 3.57381964172275
25 	 3.07851888199419
25 	 3.41400426026609
25 	 3.14286370563175
25 	 3.50897447808472
25 	 3.46445091219699
25 	 3.1196715751897
25 	 3.224368027752
25 	 3.34919142549923
25 	 3.39461333438876
25 	 3.3302179973923
25 	 3.08226704483624
25 	 3.50999932039026
25 	 3.37056913544392
25 	 3.14587622511181
25 	 3.59847351683905
25 	 3.3040372961975
25 	 3.33399253277135
26 	 3.17410956030693
26 	 3.39666098160707
26 	 3.47956998029539
26 	 3.32347827587707
26 	 2.9584190120659
26 	 3.18291283470852
26 	 3.55997988943237
26 	 3.51791311227954
26 	 3.43340500657002
26 	 3.38729756805204
26 	 3.17790569691172
26 	 3.30994452904912
26 	 3.37702045767065
26 	 3.14832601843125
26 	 3.60060473385857
26 	 3.18047399555845
26 	 3.66355850030967
26 	 3.51914116034674
26 	 3.34410152644459
26 	 3.54869437504583
27 	 3.31201751433169
27 	 3.19524470283617
27 	 3.40982910784508
27 	 2.89258663463809
27 	 3.39039378885591
27 	 3.31693156013139
27 	 3.31197563198446
27 	 3.07292757530647
27 	 3.35101998685044
27 	 3.01454992643907
27 	 3.36323989775919
27 	 3.33051201697201
27 	 3.09919005849395
27 	 3.33817410996782
27 	 3.02926577372842
27 	 3.13697223149581
27 	 3.54153776118839
27 	 3.54202964493565
27 	 3.42303765991475
27 	 3.06258480165231
28 	 3.24066645461944
28 	 3.13067068966077
28 	 3.45569591461744
28 	 3.485369133644
28 	 3.19841755530886
28 	 3.14757255651503
28 	 3.46622488316834
28 	 3.21735246122254
28 	 3.3944211617288
28 	 3.10102191632691
28 	 3.19765240744355
28 	 3.30544135588705
28 	 3.24878102904266
28 	 3.18098139031079
28 	 3.60620543407531
28 	 3.26708984492246
28 	 3.25723063604668
28 	 2.94272361023495
28 	 3.36570074087805
28 	 3.05211135616943
29 	 3.11793845911407
29 	 3.48144797470295
29 	 3.21180250594672
29 	 3.41385462772858
29 	 3.12159518615613
29 	 3.23877443560027
29 	 2.90156478199187
29 	 3.41944451232074
29 	 3.23506727662487
29 	 3.17516247032351
29 	 3.4569808302708
29 	 3.37245201571329
29 	 3.23676131509753
29 	 3.52830212245033
29 	 3.36902636908079
29 	 2.87373999595263
29 	 2.73773810554399
29 	 3.19040958631171
29 	 3.43800022534972
29 	 2.98177163936154
30 	 3.25837548287439
30 	 3.59865900647812
30 	 3.25668408882899
30 	 3.59801850893675
30 	 3.23792036346343
30 	 3.21736681003621
30 	 3.28319057023316
30 	 3.32304486618577
30 	 3.28781770807152
30 	 3.26583165881886
30 	 3.26384439577674
30 	 3.46177929478765
30 	 3.33636465904634
30 	 3.14517207506215
30 	 3.08584568224325
30 	 3.3282930921669
30 	 3.36282542799777
30 	 3.65898922697542
30 	 3.15859665583148
30 	 3.05321494310939
31 	 3.21888679895039
31 	 3.34792954808362
31 	 3.56082856140612
31 	 3.0913633401153
31 	 2.92905402405943
31 	 3.2288159852698
31 	 3.46051881512167
31 	 3.25392062483857
31 	 3.21903314691515
31 	 3.24184468609931
31 	 3.33235903930625
31 	 3.09604864857053
31 	 3.34650903783136
31 	 2.87700995881242
31 	 3.13306908886511
31 	 3.47541775434228
31 	 3.28507000571342
31 	 3.333371917023
31 	 3.21827821305576
31 	 3.38082368029906
32 	 3.1378500295448
32 	 3.35062028023616
32 	 3.24291561040084
32 	 3.19166294239938
32 	 3.07385149624654
32 	 3.31294137485471
32 	 3.28354049781604
32 	 3.38323808942034
32 	 3.5649182717976
32 	 3.2271979915635
32 	 3.3106589804617
32 	 3.15382611964468
32 	 3.49329624312863
32 	 3.30430227471212
32 	 3.42581288791399
32 	 3.23520161742475
32 	 3.35659875295236
32 	 3.51266991838618
32 	 3.13127461980841
32 	 3.07155005328836
33 	 3.17869760499463
33 	 3.42420282369523
33 	 2.99510259571509
33 	 2.90591840879521
33 	 2.95933673510059
33 	 3.31516006776606
33 	 2.86823799818604
33 	 3.23460443824218
33 	 3.14221050576361
33 	 2.91504964207686
33 	 2.93724991248236
33 	 3.11839194894771
33 	 3.3036966511475
33 	 3.09052084894189
33 	 3.38752224390165
33 	 3.30982147452515
33 	 3.11595338516888
33 	 3.07588933668546
33 	 3.32476632542392
33 	 3.31519311503761
34 	 3.28754856699555
34 	 3.40953529261018
34 	 3.19104791685945
34 	 2.96873726758894
34 	 3.21539178577382
34 	 2.78468105111777
34 	 3.70737797896767
34 	 3.16861180424927
34 	 3.11382037676595
34 	 3.12731126849231
34 	 2.68381630886267
34 	 3.15010747607963
34 	 3.16891445114685
34 	 2.72562786435422
34 	 3.43070367497112
34 	 3.21556778823368
34 	 3.35904406492895
34 	 3.05900786724402
34 	 3.1689251054639
34 	 3.28814263490466
35 	 3.04186704717681
35 	 3.37712193176416
35 	 2.87452288679182
35 	 3.03404112970812
35 	 3.34814465297487
35 	 3.27263623723639
35 	 3.48405294990994
35 	 3.10344376150607
35 	 3.24252420740376
35 	 3.4843037104715
35 	 3.05563726336672
35 	 3.50364986851358
35 	 3.28355919269631
35 	 3.1027818900203
35 	 3.11852534852516
35 	 3.12967835734696
35 	 3.03573822852864
35 	 3.3239027028711
35 	 3.12068478304725
35 	 3.3016684040182
36 	 3.32200391060519
36 	 3.17258221128073
36 	 3.10096321967317
36 	 3.0732672549423
36 	 2.99731314851901
36 	 3.1989285545464
36 	 3.09359520816088
36 	 3.3422863976081
36 	 2.79834772475303
36 	 2.91110566128821
36 	 3.06679700519301
36 	 3.26676401818262
36 	 3.45587900753995
36 	 3.43392723077782
36 	 3.4154592175867
36 	 2.99482138275232
36 	 3.18353219849635
36 	 2.96928496843399
36 	 3.03835368394321
36 	 3.33756609483503
37 	 3.00816436011877
37 	 3.00083018810015
37 	 3.03746332312522
37 	 3.42723690631139
37 	 3.25074793382178
37 	 3.24931177348399
37 	 2.83127216065134
37 	 3.27958851528456
37 	 2.95337205789591
37 	 2.95395337119562
37 	 2.98191523517174
37 	 3.42577668497423
37 	 2.90692161263762
37 	 3.29873635424485
37 	 3.15002071722634
37 	 3.13245969272585
37 	 2.98445107062197
37 	 3.46014808171299
37 	 2.97529545741817
37 	 2.96953063080937
38 	 3.22144246496351
38 	 3.22061749592596
38 	 2.98024269216415
38 	 3.03372398993637
38 	 2.79474033462097
38 	 2.88680073075516
38 	 3.15326405318603
38 	 3.30610480060038
38 	 3.23641651586584
38 	 2.87890393804562
38 	 3.12470816142049
38 	 3.20633165409589
38 	 3.36727239775607
38 	 2.97387703129254
38 	 3.0410428311716
38 	 3.23404095082729
38 	 3.30750864187323
38 	 3.12587775904112
38 	 3.12249085175667
38 	 3.19617362320688
39 	 3.10799391884057
39 	 3.08724375593509
39 	 2.73220766154392
39 	 3.07351201866854
39 	 2.79056649537756
39 	 3.2015595293944
39 	 3.23916105913848
39 	 3.16577555818088
39 	 3.19646857677204
39 	 3.13173899169491
39 	 3.09064593896124
39 	 3.26824075896436
39 	 3.23104315897545
39 	 3.18870958786307
39 	 3.31098047699708
39 	 3.2377795054113
39 	 3.01255244014639
39 	 2.95667024065954
39 	 2.89688601258785
39 	 3.30531142905972
40 	 3.35671093459167
40 	 3.09276080364544
40 	 3.17754502037845
40 	 3.1692958883744
40 	 3.10972359286605
40 	 2.75193354855649
40 	 2.87720962550453
40 	 3.06785620357065
40 	 3.27401600506998
40 	 3.21309999496036
40 	 3.089487325809
40 	 2.99619259010773
40 	 3.33636317069108
40 	 3.2023060826668
40 	 3.09506028848154
40 	 2.50924799630988
40 	 3.31607743881471
40 	 2.88789585303788
40 	 3.04888428650366
40 	 3.07454673159586
41 	 3.04020611759811
41 	 3.03016699408972
41 	 3.12492455527001
41 	 3.03420109864816
41 	 2.97674048514647
41 	 3.04388136093735
41 	 3.16205608343334
41 	 2.87261956509623
41 	 3.15178141325093
41 	 3.40020933937124
41 	 3.58354087215369
41 	 2.92927620726247
41 	 3.25844204306674
41 	 3.18406245600054
41 	 3.23948177714919
41 	 2.74097591097149
41 	 3.14488262960504
41 	 3.09824975191247
41 	 2.97755760701964
41 	 3.05434941283359
42 	 3.03953008616411
42 	 2.91255103249304
42 	 3.18364564189741
42 	 3.25667609163492
42 	 3.03099125248157
42 	 2.9975192078267
42 	 3.01418427882815
42 	 3.05855381447659
42 	 3.00058879304552
42 	 3.09777888243725
42 	 2.86891858128314
42 	 3.16197365359378
42 	 3.26189257775884
42 	 3.09191068990109
42 	 3.02453184871438
42 	 2.99069918760575
42 	 2.95247601794988
42 	 3.17645827691122
42 	 3.15493825735621
42 	 2.93206470942049
43 	 3.25844820602946
43 	 3.09355061515671
43 	 2.94395930017036
43 	 3.16842846537141
43 	 2.99510842766179
43 	 2.81530875653782
43 	 3.17122602895605
43 	 3.34682688632972
43 	 3.04853462280174
43 	 2.89826553392094
43 	 3.01062444610438
43 	 3.33329602932213
43 	 2.61435228291803
43 	 2.90216570492571
43 	 3.1777282031374
43 	 2.94005560286611
43 	 3.11718507919567
43 	 2.87246178125996
43 	 2.96327554513927
43 	 3.21757527805296
44 	 2.91764338157172
44 	 3.13381728047529
44 	 2.93906222550841
44 	 3.25811067493358
44 	 3.17779772918568
44 	 3.08466197779472
44 	 3.09668224006828
44 	 3.07383551671122
44 	 3.11732613085301
44 	 2.81156548324301
44 	 3.33175032550943
44 	 3.47492278607296
44 	 2.75372755798671
44 	 2.73683256952762
44 	 2.86012677771728
44 	 3.19995595413838
44 	 2.97329777935318
44 	 3.18346873834639
44 	 3.184774018999
44 	 2.75693924933108
45 	 3.13359311476877
45 	 3.01578240269083
45 	 3.05446842516351
45 	 3.46565636538974
45 	 3.06153445403679
45 	 3.25189530828266
45 	 2.95571356603795
45 	 2.85554722393838
45 	 2.83337602760327
45 	 2.96499985963274
45 	 2.96573033000527
45 	 2.99278177902287
45 	 2.89606964110707
45 	 3.13058476469576
45 	 2.99702584678646
45 	 2.86567776613868
45 	 2.96849315130162
45 	 3.2616184501116
45 	 3.01481637467421
45 	 3.07210185273277
46 	 2.9264706745468
46 	 2.84353050210587
46 	 2.97140065437503
46 	 3.18048953814057
46 	 3.07876764515347
46 	 3.19056733984958
46 	 2.76883271277388
46 	 2.65186517920261
46 	 2.89589116815373
46 	 3.20427953075788
46 	 3.00566402238969
46 	 3.29171252913881
46 	 3.1164272388266
46 	 3.22345885601164
46 	 2.89844074501783
46 	 3.09457983612
46 	 2.82819738142087
46 	 2.78528814277021
46 	 2.84416424347297
46 	 3.13630079927497
47 	 2.75251749939707
47 	 3.02674005128041
47 	 3.04160875718525
47 	 2.83652959478477
47 	 3.12243223770823
47 	 3.27695722127232
47 	 3.09175646186806
47 	 3.01333529858943
47 	 2.63948977820389
47 	 2.8981757036875
47 	 2.8964967226808
47 	 3.07241021929055
47 	 2.78197238791664
47 	 3.37476739934366
47 	 2.81908835371954
47 	 2.9029819450387
47 	 3.26936601697668
47 	 3.14500121137202
47 	 2.89575792829661
47 	 3.16975816321885
48 	 2.99286450007263
48 	 2.53800122802527
48 	 3.09532618326743
48 	 2.86679754143712
48 	 3.04760866341814
48 	 2.86146471382901
48 	 3.08758609961459
48 	 2.74587480945887
48 	 3.03660647378902
48 	 2.84978083783587
48 	 3.13958534713769
48 	 3.13486736128706
48 	 2.82434145341085
48 	 2.90747244839565
48 	 3.02730160370391
48 	 3.00205706011797
48 	 2.92036477459145
48 	 3.00349278283583
48 	 2.98812591894025
48 	 3.0287436461911
49 	 2.80798706134918
49 	 2.94133095537467
49 	 3.31632389136902
49 	 3.46163427304296
49 	 2.68723084191487
49 	 2.96158019352218
49 	 3.05585723065144
49 	 2.56675112065841
49 	 3.11163105036559
49 	 2.87563392792105
49 	 3.02634937235905
49 	 2.92985700277785
49 	 2.97865026176374
49 	 3.02505671822591
49 	 3.11841477755071
49 	 3.20086589925503
49 	 3.26493937605812
49 	 3.11169935888904
49 	 3.04710837499017
49 	 2.90321548901698
50 	 3.03574342529456
50 	 3.04091255599868
50 	 3.06233216862168
50 	 2.83305267751523
50 	 2.8928135876346
50 	 2.7925762693673
50 	 3.02491143824637
50 	 2.99658617604651
50 	 2.84705963019963
50 	 2.67864134039502
50 	 2.85766553011746
50 	 3.12990437543214
50 	 3.03015478295722
50 	 2.66995835551874
50 	 3.06090528717424
50 	 2.78548174637473
50 	 3.05710263745689
50 	 3.06271272870885
50 	 2.89918810213861
50 	 2.85447166219935
51 	 3.02151088555151
51 	 2.72154137856478
51 	 2.7661907912685
51 	 3.14894616533035
51 	 3.03853106766908
51 	 2.98752723304698
51 	 2.95721662648592
51 	 2.88571393187408
51 	 2.80132799693407
51 	 3.15101058139676
51 	 2.97404666563768
51 	 2.87063863665333
51 	 3.07197168637506
51 	 3.21092350154992
51 	 2.93273219568193
51 	 3.08825532000671
51 	 2.95747494011774
51 	 2.64033757871178
51 	 2.62967562102208
51 	 3.16549677645901
52 	 3.0102957561701
52 	 3.0254817622003
52 	 3.03767696816666
52 	 2.60597507374888
52 	 3.13177619152873
52 	 2.51463423446037
52 	 2.94632236404166
52 	 2.74960568933785
52 	 2.87441623076663
52 	 2.96506130825641
52 	 2.90756233747001
52 	 2.853291541059
52 	 2.95805088490651
52 	 2.48370117994087
52 	 2.7094509570563
52 	 2.92265012355762
52 	 2.95730363331992
52 	 3.07707947889077
52 	 2.85493346683823
52 	 3.28903242236995
53 	 3.06292676924293
53 	 2.8116336331288
53 	 2.87884477819323
53 	 2.83486657860446
53 	 3.01114221419121
53 	 3.02567398267539
53 	 2.92071040868946
53 	 2.89937029050383
53 	 2.87183914076153
53 	 3.22009906980801
53 	 3.32422284175393
53 	 2.73008327353811
53 	 3.08761757075384
53 	 2.83334724918067
53 	 3.07824358976046
53 	 2.9709982038712
53 	 2.93577752755984
53 	 2.7120179626013
53 	 2.98772235833165
53 	 2.72931344402071
54 	 2.67812330798866
54 	 2.76056473812727
54 	 2.77695825275743
54 	 2.98081722166285
54 	 2.69363080957691
54 	 3.10506147265384
54 	 2.70367837397831
54 	 3.12427235241073
54 	 2.91109969279032
54 	 3.00828744269496
54 	 2.7456047956612
54 	 2.95320072769152
54 	 2.89738306424468
54 	 2.94371399417748
54 	 3.05071665319023
54 	 3.00433637266475
54 	 2.94377194372229
54 	 3.12112143915653
54 	 2.65842892866279
54 	 2.76496258636794
55 	 2.72552401979018
55 	 2.67829583125532
55 	 2.89780304643523
55 	 2.92729575222161
55 	 3.05523951983992
55 	 2.8734494318596
55 	 2.66978219563071
55 	 3.1468598905468
55 	 2.91274928712977
55 	 2.91275998661307
55 	 2.86430734983543
55 	 2.9045733203087
55 	 2.97652068019738
55 	 2.94868796005617
55 	 3.03646416771817
55 	 2.89346198628051
55 	 2.49936343488688
55 	 2.84854408785502
55 	 2.99006081812478
55 	 3.13145893171517
56 	 2.73178161450196
56 	 2.80285680495933
56 	 2.76510572248558
56 	 2.66773477319961
56 	 2.75688684345659
56 	 2.9501358216317
56 	 2.90405935298781
56 	 3.0122391882561
56 	 2.6672061233559
56 	 2.84534009155159
56 	 2.91912288885894
56 	 3.02045476964128
56 	 2.90625432490827
56 	 2.93152275590068
56 	 3.13758240739092
56 	 2.97245769565259
56 	 2.78249837707146
56 	 3.05234154324666
56 	 3.05372775465354
56 	 3.13396124752189
57 	 3.10889955225869
57 	 2.69103158646393
57 	 2.90353882969483
57 	 2.92690497113581
57 	 3.21478114876233
57 	 3.12024496361188
57 	 3.17249723717717
57 	 2.88877509521777
57 	 2.92012026532502
57 	 3.01898148278606
57 	 2.85857787469017
57 	 2.87197327845312
57 	 2.9616710225536
57 	 2.98552613638802
57 	 2.91915853135998
57 	 2.84480589120534
57 	 2.51652362482652
57 	 2.89715833940781
57 	 3.08078976111736
57 	 2.75914485020195
58 	 2.6805168661253
58 	 2.7943707744918
58 	 2.50828041344966
58 	 3.08156557226214
58 	 2.86812718375153
58 	 3.1105777214316
58 	 2.38191769128099
58 	 2.82822261907089
58 	 2.81004620060597
58 	 2.87276636195558
58 	 2.58310530360466
58 	 3.04772473710391
58 	 2.86436360557851
58 	 2.77018251060258
58 	 2.91018162694273
58 	 2.83673955994557
58 	 2.80271906898674
58 	 2.93759038618942
58 	 2.67260427579784
58 	 2.88969260163043
59 	 2.92511184472064
59 	 2.8052294580672
59 	 2.82041961481132
59 	 3.1472188527321
59 	 2.83889462603634
59 	 2.57292355271075
59 	 3.08707720989352
59 	 2.7088315480977
59 	 2.94742823342583
59 	 2.71255454742609
59 	 2.99111442957997
59 	 2.89937806425983
59 	 2.94498937696244
59 	 2.83152946316652
59 	 3.133708736779
59 	 2.65371879358884
59 	 2.82953509808985
59 	 2.75449888657819
59 	 2.89717334880886
59 	 2.85734479232481
60 	 2.79132258561426
60 	 2.4798828590834
60 	 2.91217287521366
60 	 2.66339423232259
60 	 2.96256248509152
60 	 2.6741973036701
60 	 2.78287037573606
60 	 2.80805153267361
60 	 3.31935165946928
60 	 2.86051591953872
60 	 2.89381025870693
60 	 2.60195875007773
60 	 2.90778702387235
60 	 2.71321977886115
60 	 2.57964083119531
60 	 2.63886518205859
60 	 3.05553938668242
60 	 2.86210323016554
60 	 2.95418440764243
60 	 2.89527539515932
61 	 2.83426289141048
61 	 3.19441383500334
61 	 2.97911416591249
61 	 2.62899597165874
61 	 2.83101798353193
61 	 2.33236881157071
61 	 2.64371269215193
61 	 2.55013120589378
61 	 2.69555864350154
61 	 2.654425351097
61 	 2.84792252864275
61 	 3.07612898569219
61 	 2.86732445364734
61 	 2.75384737124256
61 	 2.79413209293982
61 	 2.65517868963454
61 	 3.03641158881522
61 	 3.10741731619078
61 	 2.8141645222509
61 	 2.66597772264518
62 	 2.58619449974665
62 	 2.63486365036303
62 	 2.65925625805495
62 	 2.61099283995312
62 	 2.58360770626329
62 	 2.83733203630388
62 	 2.82941094186248
62 	 2.8988910083552
62 	 2.6792045943418
62 	 2.72867844928185
62 	 2.68124274436919
62 	 2.72635349377057
62 	 2.59553045944001
62 	 2.59125764080857
62 	 2.94179728507735
62 	 2.99962643950801
62 	 2.70152415013286
62 	 2.62632172126551
62 	 2.74349683587293
62 	 3.01378490946391
63 	 2.85313695267593
63 	 2.73554825049825
63 	 2.91136851982804
63 	 2.80989602826419
63 	 2.68962225851871
63 	 2.64426146629043
63 	 2.72817884042602
63 	 2.58058525104145
63 	 2.86788798799996
63 	 2.79003141090245
63 	 2.87919684972764
63 	 2.59099873358418
63 	 2.63175931235127
63 	 2.8766250702666
63 	 2.46033778766451
63 	 2.82395052089944
63 	 2.85856684348372
63 	 2.80721112649707
63 	 2.61582175906422
63 	 2.67752728334884
64 	 2.66558230961444
64 	 2.79320834883791
64 	 2.68268844421639
64 	 2.85361849630859
64 	 2.85692935120333
64 	 2.70555560447945
64 	 3.00721415880417
64 	 2.67353134865419
64 	 2.7540424045847
64 	 2.6864698617115
64 	 2.68993862544624
64 	 2.82249430075379
64 	 2.97611226197061
64 	 2.71166902211515
64 	 2.94666280869443
64 	 2.57372596193455
64 	 2.93553929753669
64 	 2.36609864952803
64 	 2.84924834712316
64 	 2.84168997247739
65 	 2.83247233422094
65 	 2.7396980936883
65 	 2.68077063600279
65 	 2.79965526787467
65 	 2.8187786400624
65 	 2.75375575687653
65 	 2.99225145726533
65 	 2.88877765341755
65 	 2.75571696329113
65 	 2.92202080721143
65 	 2.36607184364236
65 	 2.50002035202579
65 	 2.96615886670158
65 	 3.05061810623326
65 	 2.73591913337874
65 	 2.61496488973101
65 	 2.97889300347729
65 	 2.78197602837436
65 	 2.55801475485953
65 	 2.62496387455207
66 	 2.64765667132912
66 	 2.85111725801291
66 	 2.71032959567169
66 	 2.65230075326433
66 	 2.74818690901714
66 	 2.56919746903534
66 	 2.64311577705116
66 	 3.07753737631813
66 	 2.75270053352168
66 	 2.82214506724828
66 	 2.8545542920329
66 	 2.82955117091433
66 	 3.08752109094603
66 	 2.94639950605779
66 	 2.70926242664639
66 	 2.8833217577291
66 	 2.98648764729592
66 	 2.50564566937968
66 	 2.65566213324504
66 	 2.81029620912757
67 	 2.61890423450815
67 	 2.77937687357858
67 	 2.7880024348538
67 	 2.88273737878259
67 	 2.58999006740656
67 	 2.77528454397594
67 	 2.71129669282398
67 	 2.78810350443202
67 	 2.64284342983568
67 	 2.72065366886446
67 	 2.8869687544181
67 	 2.71498515850826
67 	 3.02039332793189
67 	 2.76295701981627
67 	 2.65731739458483
67 	 2.67640693577023
67 	 2.59925485327577
67 	 2.6193050174365
67 	 2.81785782466371
67 	 2.66381754442383
68 	 2.55746269731965
68 	 3.1579321447086
68 	 2.84702800671488
68 	 2.73966174883948
68 	 2.89220701122957
68 	 2.76335167081363
68 	 2.87172927126151
68 	 2.74021293130523
68 	 2.43664139194775
68 	 2.65434236699376
68 	 2.67477783102865
68 	 2.68755910619919
68 	 2.73313630650396
68 	 2.92528489105284
68 	 2.8370577441763
68 	 2.79444523037877
68 	 2.63034170204457
68 	 2.72664392742061
68 	 2.75948160123231
68 	 2.50677314038834
69 	 2.65111265672276
69 	 2.89396747406916
69 	 2.68908871876634
69 	 2.52537310288048
69 	 2.75418924181762
69 	 2.60210057567416
69 	 2.78879765141087
69 	 2.91994779603962
69 	 2.8332020275276
69 	 2.58449874177312
69 	 3.00155520668281
69 	 2.66830902458669
69 	 2.78740722427747
69 	 2.70446580051204
69 	 2.80986174903425
69 	 2.76595383945469
69 	 2.43282103018573
69 	 2.94230828111013
69 	 2.53837530012596
69 	 2.58262755796905
70 	 2.74501000572416
70 	 2.83036253497139
70 	 2.93389915478293
70 	 2.78131679134294
70 	 2.81183883225357
70 	 2.61536641792819
70 	 2.59000867320034
70 	 2.76747866758414
70 	 2.86245670148734
70 	 2.75151769524129
70 	 2.4562061938583
70 	 2.65577887179766
70 	 2.60392262452035
70 	 2.91886095195598
70 	 2.73797502052869
70 	 2.78618541815828
70 	 2.54084578902125
70 	 2.74389335749299
70 	 2.49189781571828
70 	 2.64040147573494
71 	 2.63880207117674
71 	 2.56809037576119
71 	 2.68211770807562
71 	 2.69289585577328
71 	 2.88149945184728
71 	 2.97138783704518
71 	 2.60545172486849
71 	 2.80779298298484
71 	 2.30076176414525
71 	 2.97800069862775
71 	 2.54160871543024
71 	 2.79407858647386
71 	 2.82697105497374
71 	 2.7230114229603
71 	 2.90105450833676
71 	 2.56943037200721
71 	 2.3940479808797
71 	 2.38033028668097
71 	 2.42470654275793
71 	 2.96142731942505
72 	 2.58168973331002
72 	 2.65458902770752
72 	 2.59120855059388
72 	 2.68374177936828
72 	 3.01246870631006
72 	 2.64688854326462
72 	 2.71722891307826
72 	 2.64490128071365
72 	 2.81330786701108
72 	 2.6796086648857
72 	 2.56874953169938
72 	 2.83419059431489
72 	 2.79651782483414
72 	 2.76352292056958
72 	 2.6009786696971
72 	 2.624907684235
72 	 2.69907488645399
72 	 2.7216807427231
72 	 2.82588176051561
72 	 2.58614393626649
73 	 2.75686574153622
73 	 2.71015311104348
73 	 2.71575854430662
73 	 2.92193876335696
73 	 2.66792900892641
73 	 2.54054927642332
73 	 2.80886012331002
73 	 2.81297955582694
73 	 2.71711320715965
73 	 2.59759822153138
73 	 2.47104442265752
73 	 2.75276632914823
73 	 2.79296707686467
73 	 2.58176128053845
73 	 2.48215263632075
73 	 2.60886238615868
73 	 2.52599735204648
73 	 2.8331085525571
73 	 2.47527144568864
73 	 2.6413207691478
74 	 2.97246673862418
74 	 2.68840225389011
74 	 2.74966789065164
74 	 2.63928731005996
74 	 2.80176796437466
74 	 2.38475284442147
74 	 2.71903431940436
74 	 2.71847037804298
74 	 2.54605013970076
74 	 2.6536861104595
74 	 2.81019842040574
74 	 2.62549364000071
74 	 2.4736659579247
74 	 2.78687597898644
74 	 2.87038446164719
74 	 2.72967207834704
74 	 2.71774431607864
74 	 2.9287703360847
74 	 2.79796708011983
74 	 2.69733729968703
75 	 2.6458905191607
75 	 2.52773074444141
75 	 2.83501468162401
75 	 2.37620973196855
75 	 2.82658453606915
75 	 2.73604564462544
75 	 2.8267839005696
75 	 2.56979353073099
75 	 2.69118652447991
75 	 2.77298439686789
75 	 2.69375457852295
75 	 2.52710881848074
75 	 2.40837589189639
75 	 2.50187327701467
75 	 2.72701200493239
75 	 2.82445889335005
75 	 2.47844554559276
75 	 2.58547270993749
75 	 2.68942299266031
75 	 2.88390562165066
76 	 2.69092191553906
76 	 2.73027318456664
76 	 2.61091116566034
76 	 2.41227803764823
76 	 2.45249878114368
76 	 2.61406865973919
76 	 2.48039131146445
76 	 2.43645871752264
76 	 2.42742109898982
76 	 2.78227325765109
76 	 2.63132902905143
76 	 2.76041693266545
76 	 2.57124949562216
76 	 2.60817296249965
76 	 2.70739551256945
76 	 2.71305801097146
76 	 2.78927708386154
76 	 2.48381193415314
76 	 2.59821009020054
76 	 2.585480058964
77 	 2.69839413923909
77 	 2.44154156633425
77 	 2.70899748666287
77 	 2.82517530808821
77 	 2.71998122923673
77 	 2.53820439378347
77 	 2.68868505486509
77 	 2.72418936650819
77 	 2.55834021026567
77 	 2.66138555609108
77 	 2.61654775403708
77 	 2.72062300971133
77 	 2.55441985500039
77 	 2.41185739042374
77 	 2.84917823992513
77 	 2.38768246339664
77 	 2.73667754406292
77 	 2.4537397007092
77 	 2.60170883613709
77 	 2.71749201992843
78 	 2.43886039193089
78 	 2.48634993761852
78 	 2.58335117443707
78 	 2.62357658614077
78 	 2.45115260417809
78 	 2.80355488734279
78 	 2.60421184933625
78 	 2.78263714855962
78 	 2.57190285924546
78 	 2.67290554350371
78 	 2.54928291348055
78 	 2.54170328376616
78 	 2.51528217795583
78 	 2.68931199205242
78 	 2.55417397774747
78 	 2.79158667792302
78 	 2.65294980292211
78 	 2.50740619639842
78 	 2.68473043005507
78 	 2.53846068250077
79 	 2.78641942542468
79 	 2.63973792166907
79 	 2.72395409276525
79 	 2.68648197911441
79 	 2.5598881090458
79 	 2.44349279554814
79 	 2.66878179164293
79 	 2.8140359975584
79 	 2.80448284563079
79 	 2.28726286361681
79 	 2.65080626547228
79 	 2.62757648510656
79 	 2.63707097623689
79 	 2.66782792488872
79 	 2.52837886341363
79 	 2.6354153016719
79 	 2.67336280559107
79 	 2.90085229442651
79 	 2.4686272623451
79 	 2.48621049620803
80 	 2.55067970860694
80 	 2.73837886014904
80 	 2.62907428919527
80 	 2.54421600158275
80 	 2.65261740760217
80 	 2.33359314543616
80 	 2.76085461206535
80 	 2.5871100751549
80 	 2.28549293229029
80 	 2.63788217659421
80 	 2.55181377298943
80 	 2.71053899830346
80 	 2.70789932893253
80 	 2.46343418686114
80 	 2.65900327345497
80 	 2.70483232017218
80 	 2.74928156154543
80 	 2.47831615936607
80 	 2.71791810412958
80 	 2.55821604777286
81 	 2.3237954105216
81 	 2.89050465327654
81 	 2.6288741901178
81 	 2.56950867524524
81 	 2.50649581016514
81 	 2.66163968568707
81 	 2.69080973187103
81 	 2.47390381409397
81 	 2.51694946879114
81 	 2.76678097037856
81 	 2.6423627542959
81 	 2.56984007307319
81 	 2.58263957821256
81 	 2.43697421313258
81 	 2.62502293621581
81 	 2.60642847725585
81 	 2.53174687817929
81 	 2.57223533574079
81 	 2.55539058201788
81 	 2.44821105819613
82 	 2.46082796592065
82 	 2.57885204763472
82 	 2.57084375760159
82 	 2.374085321354
82 	 2.58976509828849
82 	 2.85485564054533
82 	 2.38466612455713
82 	 2.80716122507773
82 	 2.47578477214368
82 	 2.57640048968743
82 	 2.47725807279721
82 	 2.54129641121955
82 	 2.52668686829524
82 	 2.8247403058988
82 	 2.55645295707167
82 	 2.69561797996864
82 	 2.79998063044715
82 	 2.84763841911413
82 	 2.64843171345896
82 	 2.39800382383215
83 	 2.59609318536193
83 	 2.47160457904977
83 	 2.55230043079835
83 	 2.7073759625522
83 	 2.65305318304632
83 	 2.65481742083453
83 	 2.67590938153236
83 	 2.48551693569591
83 	 2.55747242940284
83 	 2.73766535188198
83 	 2.44606931790274
83 	 2.48749342626041
83 	 2.39442147352296
83 	 2.68245421948254
83 	 2.41156996067878
83 	 2.54943779025432
83 	 2.44046476356007
83 	 2.61430737114101
83 	 2.58826689420719
83 	 2.63699762253495
84 	 2.34963478488816
84 	 2.66201835983891
84 	 2.82084695416721
84 	 2.59859017610181
84 	 2.68562711221301
84 	 2.51067160121273
84 	 2.47080865392005
84 	 2.6661355534593
84 	 2.54624945839862
84 	 2.71893239298216
84 	 2.35531039340357
84 	 2.47310368796233
84 	 2.91819392907889
84 	 2.5771662538969
84 	 2.79651296407904
84 	 2.47216410849699
84 	 2.74342023600764
84 	 2.31453655818744
84 	 2.52244573438273
84 	 2.66220965413934
85 	 2.45076335585089
85 	 2.30739007255478
85 	 2.52771923790866
85 	 2.51940806793628
85 	 2.51017944017494
85 	 2.46966794841938
85 	 2.62813062586125
85 	 2.51208723913601
85 	 2.60897536291553
85 	 2.42058954120343
85 	 2.59615486572139
85 	 2.59344712911234
85 	 2.63153084160111
85 	 2.48105352278044
85 	 2.54811214774064
85 	 2.52601814139611
85 	 2.37180621694361
85 	 2.64141558156193
85 	 2.53173260524326
85 	 2.44446654535988
86 	 2.59894107365355
86 	 2.6010879156507
86 	 2.7109222591219
86 	 2.72330547593476
86 	 2.4871582891207
86 	 2.63753573440517
86 	 2.53347492211873
86 	 2.743506580203
86 	 2.49338110495647
86 	 2.50600440473944
86 	 2.44866710267684
86 	 2.60866460995244
86 	 2.30278059483365
86 	 2.34288794870129
86 	 2.66666503070083
86 	 2.38638496535396
86 	 2.45423553475586
86 	 2.43048330609555
86 	 2.69351108404154
86 	 2.38781843121792
87 	 2.57330245032239
87 	 2.38498463480565
87 	 2.63281427115936
87 	 2.69182847306502
87 	 2.78093872777409
87 	 2.43907370015738
87 	 2.4886022383121
87 	 2.3619299044236
87 	 2.4773492975626
87 	 2.70080263460274
87 	 2.77206356941783
87 	 2.58800790851334
87 	 2.47562205273185
87 	 2.60215923060213
87 	 2.65222697412614
87 	 2.49840088017957
87 	 2.57776302859793
87 	 2.588411883196
87 	 2.77042929850749
87 	 2.54028529874096
88 	 2.42292078602611
88 	 2.38247542373194
88 	 2.39640446465506
88 	 2.5042400936896
88 	 2.62392798744633
88 	 2.48888663169098
88 	 2.66683475415276
88 	 2.54365837559173
88 	 2.59169636342584
88 	 2.73594346018423
88 	 2.46487870930603
88 	 2.58013142505933
88 	 2.60597573293528
88 	 2.58141163538563
88 	 2.78718353953141
88 	 2.57175487630407
88 	 2.69787867223054
88 	 2.3151710290018
88 	 2.71483558724195
88 	 2.36577164477729
89 	 2.58793096154884
89 	 2.82746550968245
89 	 2.33836864813654
89 	 2.616656799464
89 	 2.58228961184712
89 	 2.94216355138644
89 	 2.44806104712237
89 	 2.55671043335428
89 	 2.38143972540167
89 	 2.61248127778078
89 	 2.45469145408564
89 	 2.42481691335951
89 	 2.42255403608645
89 	 2.64996033728115
89 	 2.34577617260085
89 	 2.61527956956029
89 	 2.44251116587424
89 	 2.79476504189157
89 	 2.50871179902963
89 	 2.23865800589662
90 	 2.42422208559118
90 	 2.69193041201959
90 	 2.57017128669633
90 	 2.3695047048058
90 	 2.30431712377526
90 	 2.56270540463035
90 	 2.76811943017256
90 	 2.5786410597903
90 	 2.65824265029612
90 	 2.33543191286971
90 	 2.52795360858761
90 	 2.34599518494891
90 	 2.19307394478603
90 	 2.57402710140374
90 	 2.51272215808776
90 	 2.28175592226594
90 	 2.65083833659309
90 	 2.65560849852767
90 	 2.56907125609392
90 	 2.57763914123199
91 	 2.49602834408254
91 	 2.49309833669224
91 	 2.51064078952541
91 	 2.50647824056195
91 	 2.42758811379365
91 	 2.56520331332008
91 	 2.61745261309113
91 	 2.42029949369417
91 	 2.60380917243284
91 	 2.26712003438125
91 	 2.61834149811022
91 	 2.42444963256058
91 	 2.56133435383267
91 	 2.33611397986406
91 	 2.57394641050651
91 	 2.61827846477577
91 	 2.45922269798116
91 	 2.37278617518371
91 	 2.46887960415718
91 	 2.2077394488635
92 	 2.43300825336696
92 	 2.51994547832637
92 	 2.59924706956027
92 	 2.33365221117841
92 	 2.59547182412996
92 	 2.58359206719256
92 	 2.57022222896195
92 	 2.50170883393688
92 	 2.61752783287601
92 	 2.41191297352189
92 	 2.45165963094051
92 	 2.43483289720116
92 	 2.63542901065733
92 	 2.43377137288297
92 	 2.55407282692245
92 	 2.24714795814598
92 	 2.61425194107073
92 	 2.49208253303021
92 	 2.49540188437557
92 	 2.5791041044297
93 	 2.71060033251549
93 	 2.43441186246427
93 	 2.32069250610827
93 	 2.6513311433163
93 	 2.62175463737737
93 	 2.24212802567485
93 	 2.63879482977131
93 	 2.35339334354323
93 	 2.54743478117562
93 	 2.48012454753638
93 	 2.38379234605372
93 	 2.47178416072004
93 	 2.40789722439647
93 	 2.39305512077342
93 	 2.37865918870189
93 	 2.64697553673986
93 	 2.54138028385301
93 	 2.63740417352865
93 	 2.44968717286341
93 	 2.0906867017934
94 	 2.17918873924377
94 	 2.49073276402829
94 	 2.37565038836026
94 	 2.46547243136585
94 	 2.30200362602747
94 	 2.69644806510801
94 	 2.37490532369014
94 	 2.57390350296234
94 	 2.5165068735019
94 	 2.47693219218751
94 	 2.20948087302883
94 	 2.35798506750878
94 	 2.46305093669464
94 	 2.40795049719857
94 	 2.55708842666863
94 	 2.29385465611973
94 	 2.58045701743089
94 	 2.49006924394002
94 	 2.44232592210895
94 	 2.5671267365767
95 	 2.40414014125342
95 	 2.60056667805559
95 	 2.42938393195182
95 	 2.27439400827319
95 	 2.31584419576547
95 	 2.49303224119999
95 	 2.45646678938351
95 	 2.61072278027337
95 	 2.58272013170146
95 	 2.50539665498439
95 	 2.35515145317781
95 	 2.52283172634191
95 	 2.36730293934629
95 	 2.53229572230585
95 	 2.31251790346563
95 	 2.48718217707129
95 	 2.39544203886926
95 	 2.34004782402672
95 	 2.44687464708793
95 	 2.46656371536688
96 	 2.5908281867303
96 	 2.41327533356266
96 	 2.53391484293976
96 	 2.377445787133
96 	 2.5504479139265
96 	 2.47514682437345
96 	 2.32153831385562
96 	 2.42125989154284
96 	 2.31413498552576
96 	 2.17696833629034
96 	 2.39347927330073
96 	 2.51458369686557
96 	 2.64687733608911
96 	 2.42154509392125
96 	 2.32285782482674
96 	 2.17784673766485
96 	 2.57371124504502
96 	 2.50574008740283
96 	 2.27914888204772
97 	 2.35829495717097
97 	 2.41347271003376
97 	 2.3096464533034
97 	 2.19131233755448
97 	 2.28102399150664
97 	 2.47220335523996
97 	 2.46854384658593
97 	 2.64451137313909
97 	 2.3796587612258
97 	 2.46454056866157
97 	 2.45613080622744
97 	 2.59122781700115
97 	 2.42402195323897
97 	 2.61595128965909
97 	 2.43208545012499
97 	 2.34595640716089
97 	 2.63264154847086
97 	 2.53745104562332
97 	 2.34532853514013
97 	 2.44709167046909
98 	 2.30572369413224
98 	 2.16327677631942
98 	 2.40509641366979
98 	 2.4339003440738
98 	 2.58729364994491
98 	 2.33868268662576
98 	 2.31682251902086
98 	 2.49671653029205
98 	 2.62098893181794
98 	 2.32965955311184
98 	 2.48128662055169
98 	 2.43444653377042
98 	 2.39896359757356
98 	 2.4852280222381
98 	 2.23982322062663
98 	 2.67589512952306
98 	 2.36255780576715
98 	 2.50164599730617
98 	 2.20175588233734
99 	 2.4435119848118
99 	 2.41623895998861
99 	 2.40780176997462
99 	 2.4320924002184
99 	 2.41123984270538
99 	 2.2308391880389
99 	 2.48129458664411
99 	 2.35872564900695
99 	 2.37858899323997
99 	 2.32467397142782
99 	 2.45174953293384
99 	 2.40981008959623
99 	 2.42424609330079
99 	 2.31032988696272
99 	 2.42840522639213
99 	 2.39643072266924
99 	 2.30058386343734
99 	 2.60212255037803
99 	 2.21310273224186
99 	 2.22750488507737
100 	 2.31855329465672
100 	 2.44264129849862
100 	 2.28119356814882
100 	 2.32509107174894
100 	 2.37859317056519
100 	 2.31262376438894
100 	 2.34180084365903
100 	 2.46893375515849
100 	 2.38242932204778
100 	 2.54003506337382
100 	 2.30604934194527
100 	 2.74608862765368
100 	 2.46140948750216
100 	 2.52564334672801
100 	 2.46038467994003
100 	 2.40137118153108
100 	 2.40791059279134
100 	 2.26699906246174
100 	 2.35209554675075
100 	 2.47279165715682
