2 	 2.83108020608638
2 	 2.83108020608638
2 	 2.83331669964763
2 	 2.83331677163224
2 	 2.83108020608638
2 	 2.83331669964763
2 	 2.83331669964763
2 	 2.83331669964763
2 	 2.83331669964763
2 	 2.83331669964763
2 	 2.83331669964763
2 	 2.83108020608638
2 	 2.83331669964763
2 	 2.83108020608638
2 	 2.83331669964763
2 	 2.83331669964763
2 	 2.83331669964763
2 	 2.83108020608638
2 	 2.83108020608638
2 	 2.83331669964763
3 	 3.40482555153433
3 	 3.58037861641761
3 	 3.93352824429779
3 	 3.04534528632243
3 	 3.04534528632243
3 	 3.18715114074667
3 	 3.41363111348275
3 	 3.03782412173712
3 	 3.18204084537769
3 	 3.03782412173712
3 	 3.18829424604466
3 	 3.20876741291604
3 	 3.04421541258437
3 	 3.87824649177828
3 	 3.40482555153433
3 	 3.18829424604466
3 	 3.52918664527304
3 	 3.03782412173712
3 	 3.19611568648731
3 	 3.0303902113927
4 	 2.93022126526784
4 	 3.61888813936251
4 	 3.49409359580524
4 	 3.50758465941195
4 	 2.9141128862553
4 	 2.97421463659075
4 	 3.58842816389397
4 	 6.05029028834025
4 	 3.58769665982425
4 	 3.61888813936251
4 	 3.45684561885195
4 	 3.40904550712446
4 	 3.45884882072948
4 	 3.50758465941195
4 	 3.61888813936251
4 	 3.4927544877655
4 	 3.49177116859414
4 	 2.96962085129006
4 	 3.59031004749829
4 	 3.56953102759126
5 	 3.61710020278059
5 	 3.58693564349696
5 	 3.25725073656411
5 	 3.61486826335467
5 	 3.59120102511761
5 	 3.48751499422643
5 	 3.41166768607372
5 	 3.00522444293525
5 	 3.40845960484384
5 	 3.60497368289658
5 	 3.42094378603824
5 	 3.56260459726331
5 	 3.88592269212118
5 	 3.58804224289356
5 	 3.4297493521938
5 	 3.48838209955964
5 	 3.4906533049528
5 	 3.86397607662524
5 	 3.62683778390668
5 	 2.84959844835827
6 	 4.45867578960512
6 	 3.41868819414239
6 	 3.76769709379235
6 	 3.88428221107717
6 	 3.45975028906024
6 	 3.42347711279639
6 	 3.41232663229251
6 	 3.45099183140836
6 	 3.43829038721486
6 	 3.76164981578572
6 	 3.41047005996621
6 	 3.47895554865545
6 	 3.76139169017394
6 	 3.74368696205523
6 	 3.74368696205523
6 	 3.73469593360001
6 	 3.3947033096081
6 	 3.76067568837341
6 	 3.53181922360217
6 	 5.41443409296971
7 	 3.64616436077756
7 	 3.61234309978234
7 	 4.1443947421408
7 	 3.64170619122537
7 	 3.5837931051771
7 	 3.73848006544122
7 	 3.27728969461948
7 	 3.71529681833667
7 	 3.73909358643131
7 	 3.27856970224208
7 	 3.4582264139224
7 	 3.46212172752668
7 	 4.11724663526504
7 	 3.60125836929919
7 	 3.96827524730546
7 	 3.67568744553181
7 	 3.60919717887998
7 	 3.54924068349965
7 	 3.68305435731819
7 	 3.63854969231035
8 	 3.72941201168753
8 	 3.70104505887715
8 	 3.42654883733513
8 	 3.71330261962706
8 	 3.74619050499971
8 	 3.70301389194987
8 	 3.62524226632353
8 	 4.64656497748245
8 	 5.10199213184897
8 	 3.75209387278155
8 	 3.64152186811825
8 	 4.74694801942177
8 	 5.54157041794332
8 	 3.33724495071786
8 	 3.56965431377427
8 	 3.69749408609188
8 	 3.58575924441611
8 	 3.67026606260821
8 	 3.62589558226488
8 	 3.65869876093257
9 	 3.65178215896696
9 	 3.7256138820535
9 	 3.50372959205434
9 	 3.4879979814418
9 	 4.12549366033352
9 	 3.33049755250226
9 	 3.55104483153205
9 	 3.46885601939202
9 	 4.32604177206898
9 	 3.63268969610115
9 	 3.51996214261742
9 	 3.97191564486614
9 	 4.02548941475865
9 	 3.43659083477972
9 	 3.82389288963314
9 	 3.53320988355026
9 	 4.58021411242063
9 	 4.16818113757268
9 	 4.13203289791149
9 	 3.74501563350113
10 	 3.78785195437878
10 	 4.19302969040444
10 	 3.55846829311956
10 	 3.53440591292458
10 	 3.61784502188018
10 	 3.89084496672195
10 	 5.03357655393575
10 	 3.69937221136707
10 	 4.71181195278853
10 	 3.46884724460339
10 	 3.94158852897172
10 	 3.34756907985484
10 	 3.7852149456555
10 	 3.40341783406345
10 	 4.49574746284486
10 	 3.35424976256998
10 	 4.00649420547687
10 	 3.55385554610965
10 	 3.82316657968776
10 	 3.54880246115384
11 	 3.67722949067568
11 	 4.37526942058439
11 	 3.7517809761642
11 	 4.00689438867659
11 	 4.27133488723965
11 	 3.70947119176585
11 	 4.22656694509354
11 	 3.78149958600741
11 	 3.87044472039488
11 	 3.41975340442177
11 	 4.3778521048248
11 	 3.60906086826851
11 	 3.54550509466401
11 	 3.69192555538645
11 	 3.51124437602554
11 	 4.23200768219426
11 	 3.60983896191961
11 	 3.57138560277108
11 	 4.14191728763362
11 	 4.10235404135817
12 	 4.12335157171222
12 	 3.44493594430695
12 	 3.5445390929567
12 	 3.55887006807869
12 	 3.85360159207893
12 	 3.81411615242071
12 	 3.85724056727887
12 	 4.37549844519678
12 	 4.23679391123662
12 	 4.09157610187408
12 	 4.49933255296703
12 	 3.59850374661281
12 	 3.67659185401449
12 	 3.47698950267964
12 	 3.38816546408153
12 	 4.29910792597763
12 	 3.83755311533547
12 	 3.50395232866045
12 	 4.74402420451099
12 	 4.29803065065376
13 	 3.57885285271782
13 	 4.72831481493245
13 	 3.98519419523667
13 	 4.83144189129146
13 	 3.51977064904901
13 	 3.65476064486289
13 	 3.79869800858282
13 	 3.72319786647261
13 	 3.84549792906366
13 	 3.73646853482621
13 	 3.8731948209283
13 	 4.04304028222739
13 	 3.69881517918876
13 	 4.0960614635883
13 	 4.01899869609093
13 	 4.09967499738589
13 	 3.69643604468478
13 	 3.4956136915678
13 	 3.46167866770194
13 	 3.56591676722453
14 	 4.15561034854313
14 	 4.45295674048335
14 	 4.12531107786805
14 	 4.54130344021461
14 	 3.55888338196475
14 	 4.10274730053355
14 	 3.58871606647163
14 	 3.52840610645268
14 	 3.46328437414926
14 	 3.98473269813265
14 	 3.91019897056144
14 	 4.07878914548929
14 	 3.89368245185139
14 	 3.77587756508652
14 	 4.49855798737862
14 	 4.74692494516269
14 	 4.67312730017761
14 	 3.62637370718734
14 	 3.99832037041577
14 	 3.73293755404608
15 	 4.0716178540474
15 	 3.92408358305268
15 	 3.67659992587876
15 	 4.09587231966844
15 	 4.32944683693659
15 	 3.58142877130014
15 	 4.14748317966699
15 	 3.98674986249089
15 	 3.74654081917249
15 	 3.55910446768246
15 	 4.06143530074259
15 	 3.85271773726068
15 	 3.87615055391013
15 	 3.635938053431
15 	 4.21856534994635
15 	 3.74027690494673
15 	 4.24139396807574
15 	 3.69613871187566
15 	 4.08503070517584
15 	 3.7037334934275
16 	 4.86460242032205
16 	 3.38245645620462
16 	 3.82213195138488
16 	 4.37616500436057
16 	 4.41367753366575
16 	 3.6079099314432
16 	 4.17648745893101
16 	 4.30211659042535
16 	 4.55009037163759
16 	 3.8234723786174
16 	 4.23758733472842
16 	 3.86152784773424
16 	 3.69912968809643
16 	 3.83845827659135
16 	 3.93613722258452
16 	 4.31468263458703
16 	 4.27536606705253
16 	 4.04734943183609
16 	 4.07931664364233
16 	 4.47651620094395
17 	 3.47257191182082
17 	 3.84398685813772
17 	 4.24592767610835
17 	 4.290952761677
17 	 3.95593849623697
17 	 4.36243753659748
17 	 4.17944967105759
17 	 4.20903619353524
17 	 4.03160107583463
17 	 3.58721667179473
17 	 4.53938145422061
17 	 3.93505383426932
17 	 4.62058608664097
17 	 4.16835520116402
17 	 3.78219523436665
17 	 4.60304375075782
17 	 3.91658891936509
17 	 3.66270201730398
17 	 3.79419364230885
17 	 3.58932218705455
18 	 3.64421369944718
18 	 4.21887243640116
18 	 4.34416961648386
18 	 4.29255845565646
18 	 3.99071332634942
18 	 4.4528500939737
18 	 3.95283570111091
18 	 4.11255853233049
18 	 3.88688537358002
18 	 4.21206438962207
18 	 4.24640034178615
18 	 4.20177094239397
18 	 3.77671679049754
18 	 3.85110043785638
18 	 4.59429439798316
18 	 4.19656028238496
18 	 4.1657533149875
18 	 4.43741245822238
18 	 3.75082512891372
18 	 3.93196389110372
19 	 4.37600123052917
19 	 4.2824176134588
19 	 4.08714213298773
19 	 3.85878259833234
19 	 4.15176577013796
19 	 4.21660570382465
19 	 3.87962405799127
19 	 3.72086693889454
19 	 4.37974335752601
19 	 3.45524733915242
19 	 3.73353244734526
19 	 4.31814745791693
19 	 3.93820681699283
19 	 3.33120548918868
19 	 3.37620285462285
19 	 3.84710235090821
19 	 3.67854998689562
19 	 4.36863450519909
19 	 4.68692051016123
19 	 3.96603740047583
20 	 4.40347786393246
20 	 3.93401517184351
20 	 4.20148085850381
20 	 3.85037382485643
20 	 4.41598141836802
20 	 4.43237289638796
20 	 3.9770537668815
20 	 3.67636852581601
20 	 3.62519451029425
20 	 3.88643492899918
20 	 3.8576901220617
20 	 4.36058077886147
20 	 4.45851603902405
20 	 4.70918333928968
20 	 4.36409892698131
20 	 4.49327660016683
20 	 4.1465911850191
20 	 4.29168724251718
20 	 3.62078484943717
20 	 4.74012458845723
21 	 3.76761926466575
21 	 4.45934270991506
21 	 4.37344114054499
21 	 4.42257308581143
21 	 4.24714316725774
21 	 3.75185380876623
21 	 4.03940970528737
21 	 3.7263498647818
21 	 3.86595368485093
21 	 3.9363319730479
21 	 4.25029578307715
21 	 4.09544751412497
21 	 4.30838072703393
21 	 4.36797288194165
21 	 4.06522001682945
21 	 3.74451940497104
21 	 4.41025432947858
21 	 4.57747709214037
21 	 4.00715590796526
21 	 4.31956962367434
22 	 3.66126932860322
22 	 3.66654742728766
22 	 4.06801600642757
22 	 3.85250633629467
22 	 3.79507264356272
22 	 4.29854617454556
22 	 4.09004116208446
22 	 4.91146521666509
22 	 3.58320883646752
22 	 4.11022789405437
22 	 4.87131648340371
22 	 4.2405143803507
22 	 4.55752066976183
22 	 3.82842119705692
22 	 4.44128138148799
22 	 4.42563685830335
22 	 3.51401979703301
22 	 4.00024632060338
22 	 4.04276329756201
22 	 3.88549836435649
23 	 4.34908569983399
23 	 4.14999333435138
23 	 4.48097461394532
23 	 4.24853987203778
23 	 4.1518682992822
23 	 4.04562454681978
23 	 4.59233004368856
23 	 3.57334247700625
23 	 3.8851248684865
23 	 3.79082826904976
23 	 3.72542475535937
23 	 4.47903987957946
23 	 3.9163199276359
23 	 3.93030180266421
23 	 3.53361675195068
23 	 3.70744746277202
23 	 4.23347493110668
23 	 3.5777270188769
23 	 4.28328259089058
23 	 4.60160899795285
24 	 4.57235749098716
24 	 3.7571641255262
24 	 4.05595803491261
24 	 4.23801838300612
24 	 3.99702610447736
24 	 4.00361527002779
24 	 4.51433702153711
24 	 3.90388121131723
24 	 4.81881401527838
24 	 3.72458526963207
24 	 4.1748198336065
24 	 4.39634031589983
24 	 4.43829518630286
24 	 5.05986485723993
24 	 4.44338176623353
24 	 4.07978793323871
24 	 4.47099945057428
24 	 4.67203300759575
24 	 3.63112571820199
24 	 3.83266984638766
25 	 4.45681635059908
25 	 4.14360463036577
25 	 3.82756373969329
25 	 4.27623465153072
25 	 4.62665885015448
25 	 4.37227436494052
25 	 4.27491048774558
25 	 4.482717518199
25 	 4.74093490636492
25 	 4.29017526783591
25 	 4.00277474757039
25 	 4.11233383953342
25 	 4.34349348200309
25 	 4.72758464296512
25 	 3.76041094168151
25 	 4.33096899566275
25 	 4.19887524103561
25 	 4.39556265253733
25 	 3.84037299314322
25 	 4.16703077269175
26 	 4.63051292983619
26 	 3.93115575787857
26 	 3.81672008598295
26 	 4.59421757947639
26 	 4.68702456953811
26 	 4.21219514106242
26 	 3.97690019765606
26 	 4.27281833108491
26 	 3.73444766749925
26 	 4.37043129836611
26 	 4.48507957541697
26 	 4.25676629113012
26 	 4.35652682518388
26 	 3.82981631103168
26 	 3.90301674946013
26 	 4.39935222758062
26 	 3.99418358157666
26 	 4.25439965598645
26 	 3.82020315205467
26 	 3.9810564764083
27 	 4.57548537255006
27 	 4.20923061492217
27 	 4.24682990708321
27 	 3.9022377833145
27 	 4.26501485008604
27 	 4.45137605889784
27 	 3.72871230998579
27 	 4.63909083728318
27 	 4.2622815457831
27 	 4.44229551756881
27 	 4.66827810127389
27 	 4.23879323074703
27 	 4.11247684275646
27 	 4.16945712529177
27 	 4.41424966622733
27 	 4.15223509421882
27 	 3.93372397701426
27 	 4.05108756483706
27 	 4.28370572079176
27 	 4.58801131258204
28 	 4.49622954490152
28 	 4.48930043336504
28 	 4.14668310838858
28 	 3.54678376358177
28 	 3.90925036371944
28 	 4.40360267193373
28 	 4.36598952248254
28 	 4.59608969641668
28 	 3.87020164527674
28 	 4.75982179007256
28 	 4.45715535045976
28 	 4.47254470394003
28 	 4.53794382265055
28 	 4.56652899018845
28 	 4.08109626801866
28 	 4.27681161264356
28 	 4.40424272852993
28 	 4.62334072413989
28 	 4.31637613859418
28 	 4.72417575073206
29 	 4.42291732824255
29 	 4.2621519919676
29 	 3.95442172821329
29 	 4.44131029677319
29 	 4.0159336921763
29 	 4.42951053230209
29 	 4.21997521250881
29 	 4.12645643756929
29 	 4.57882220084572
29 	 4.60998197021867
29 	 4.26889256698581
29 	 4.64385481014886
29 	 4.34652636015065
29 	 3.78011093703865
29 	 4.44599783013113
29 	 4.17824475121968
29 	 4.70826350459286
29 	 4.41444048672033
29 	 4.32696817735352
29 	 4.36495638298047
30 	 4.09622108454862
30 	 4.19224577888884
30 	 4.14153599005886
30 	 4.20623664624494
30 	 4.48363254976364
30 	 4.84768946729803
30 	 4.24175317400041
30 	 4.65472487157292
30 	 3.89745375077945
30 	 4.37600802008463
30 	 4.03232097043931
30 	 4.66034757093477
30 	 4.36494900297638
30 	 4.20796371645786
30 	 4.84732070163701
30 	 4.60907614993201
30 	 4.15380962271616
30 	 4.10253013222778
30 	 4.41136317488334
30 	 3.88296511532203
31 	 4.14184761184355
31 	 4.07666548946346
31 	 4.30953060479639
31 	 4.19723473522706
31 	 4.58267074552919
31 	 4.16419725212864
31 	 4.12640613404343
31 	 4.28734768379589
31 	 4.65271840616086
31 	 4.34901671070616
31 	 4.18915518217546
31 	 4.26395850372532
31 	 4.55960603053642
31 	 5.11344126221629
31 	 4.01683726638858
31 	 4.33544228961302
31 	 4.52852392803009
31 	 4.10055641041231
31 	 4.10812828270234
31 	 4.76893081722482
32 	 3.68082716445587
32 	 4.44263912769567
32 	 4.4286665010956
32 	 4.09959755622892
32 	 4.53629057825235
32 	 3.92571791535046
32 	 3.93351834411545
32 	 4.14066600603141
32 	 3.69104201539314
32 	 4.34610098583603
32 	 4.43373582997766
32 	 3.97627063022112
32 	 4.27075866090655
32 	 4.58327651139453
32 	 3.91873513223957
32 	 4.536951910478
32 	 4.20686996233159
32 	 4.54545070933185
32 	 4.61019437693582
32 	 4.15605238711967
33 	 4.29188658017263
33 	 4.57650294464899
33 	 4.195784436322
33 	 4.03592397297128
33 	 4.77784348842281
33 	 4.78407528068816
33 	 4.36767631515373
33 	 4.08162850753235
33 	 4.30472654803984
33 	 4.37976448482694
33 	 4.06770917408119
33 	 4.53480747756194
33 	 4.50358849921842
33 	 4.38598055884105
33 	 4.05681489995148
33 	 4.09296666967267
33 	 4.44033594553877
33 	 4.50453077188184
33 	 4.28737360509751
33 	 4.38063560171264
34 	 3.78025267818237
34 	 3.67223568864572
34 	 3.81190467189995
34 	 4.23833910095817
34 	 4.30949656233685
34 	 4.8060849959474
34 	 4.04050558817072
34 	 4.57241927928042
34 	 4.20345366371154
34 	 4.30867678129142
34 	 4.21179223939945
34 	 4.45881072089479
34 	 4.37601061946032
34 	 4.554399585265
34 	 4.03865185442033
34 	 4.03412156184362
34 	 4.26518832659663
34 	 4.00198394336312
34 	 4.20730291173482
34 	 4.17787099053254
35 	 4.30482839236162
35 	 3.977061540109
35 	 4.5805016588195
35 	 4.82237736223991
35 	 3.96797991088175
35 	 4.34563774686696
35 	 4.18756522966701
35 	 4.33621738271846
35 	 4.35127234804502
35 	 4.28497032434753
35 	 4.40489184514314
35 	 3.74094640365561
35 	 4.52618550789846
35 	 4.14856880001737
35 	 4.34786079590369
35 	 4.6591413226101
35 	 4.22895261199178
35 	 4.29654383485876
35 	 4.44736753848714
35 	 4.19954005596724
36 	 4.27863076653518
36 	 4.10293372832288
36 	 3.92298160891265
36 	 4.09588237125548
36 	 4.15378049585573
36 	 4.37426829695989
36 	 4.48733444241831
36 	 4.35914740332907
36 	 4.23956929041165
36 	 4.21788982075164
36 	 4.58687366384893
36 	 4.54309910274371
36 	 4.43585246144805
36 	 4.38971271981364
36 	 4.58963970572981
36 	 4.27484017336316
36 	 4.32798000809822
36 	 4.27682632381461
36 	 4.83147958037166
36 	 3.77315961284978
37 	 4.38904338003149
37 	 4.69993064487161
37 	 4.53861475288499
37 	 3.93285210450489
37 	 4.53488870967338
37 	 4.2478077597119
37 	 4.44653511922098
37 	 4.64887770299765
37 	 4.78458545115822
37 	 4.56803736543427
37 	 4.77815502037046
37 	 4.348957987114
37 	 4.37100261190958
37 	 4.37446894358238
37 	 4.06158961367484
37 	 3.76963961413119
37 	 4.55747613537952
37 	 3.97105544968281
37 	 4.04884569989311
37 	 4.09355504631411
38 	 4.54180948578076
38 	 4.22516875556878
38 	 4.36533780413741
38 	 4.41853014555072
38 	 4.41651764198298
38 	 4.42991545559759
38 	 4.31141276138513
38 	 4.27868614917523
38 	 4.40595092931933
38 	 4.46170132069793
38 	 4.28914269724035
38 	 4.29749596516525
38 	 4.22956137891456
38 	 4.2751975943507
38 	 4.32420149302001
38 	 4.06211051191159
38 	 3.89185563180318
38 	 4.8809719064586
38 	 4.33703433082414
38 	 4.41475129235491
39 	 4.44079448466127
39 	 4.32116203267501
39 	 4.69951139144695
39 	 4.48591418224837
39 	 4.26248037950201
39 	 4.50053445533099
39 	 4.13098990679481
39 	 4.09699795959051
39 	 4.29338948309572
39 	 4.3412711874806
39 	 4.32492832196966
39 	 4.24404740272288
39 	 4.35466598517696
39 	 4.42374833640417
39 	 3.7589081462327
39 	 4.22473479495756
39 	 4.64106167895739
39 	 4.23738228909139
39 	 4.25504115205296
39 	 4.26078022526917
40 	 4.26465323067444
40 	 4.32457596594661
40 	 4.52255011806593
40 	 4.51516133834335
40 	 4.57303566463223
40 	 4.48410069238448
40 	 4.42471869705087
40 	 4.14671088482926
40 	 4.36066210996386
40 	 4.14046566527083
40 	 4.18903329748082
40 	 4.65186808165639
40 	 4.30116081150746
40 	 4.62350199860737
40 	 3.99092756595127
40 	 4.78943691011176
40 	 3.89613148988145
40 	 4.44958948573286
40 	 4.54994913013614
40 	 4.48247852139367
41 	 4.19142712900871
41 	 4.09579494664514
41 	 4.32253868894551
41 	 4.2896872988837
41 	 4.3663537816676
41 	 4.15644684908524
41 	 4.27426184095012
41 	 4.23307243184389
41 	 4.58839133450608
41 	 4.28137473421128
41 	 4.56789729038196
41 	 4.21994947464303
41 	 4.15428435394871
41 	 4.49235920161738
41 	 4.39944032719903
41 	 4.6019563856946
41 	 4.55584178914282
41 	 4.36239343199965
41 	 4.28117479462701
41 	 4.17877251959544
42 	 4.35473542903632
42 	 4.48950111077216
42 	 4.42402770136297
42 	 4.59103884226973
42 	 4.0763238503331
42 	 4.14597767125479
42 	 4.45885977374787
42 	 4.2710623677044
42 	 4.51075017903668
42 	 4.43680599011563
42 	 4.43829502372823
42 	 4.34017430013003
42 	 4.19586372192636
42 	 4.22729232423029
42 	 4.21108176607956
42 	 4.51524582457576
42 	 4.40706404775755
42 	 4.68694709344989
42 	 4.09293409474415
42 	 4.04208530886528
43 	 4.06112487392179
43 	 3.83768493319804
43 	 4.54416582458364
43 	 4.32110845203707
43 	 4.29504348774312
43 	 4.44461062979099
43 	 4.17284816654259
43 	 4.08019220368633
43 	 4.08611740775875
43 	 4.6461488818855
43 	 4.58802734611005
43 	 4.27145102957195
43 	 4.40867674761301
43 	 4.65040027408229
43 	 4.28857765367403
43 	 4.30650031203688
43 	 4.61824930682195
43 	 4.24888312660409
43 	 4.22204710441259
43 	 4.63592851480727
44 	 4.31798502734729
44 	 4.2661792848323
44 	 4.21392597095076
44 	 4.28584053643922
44 	 4.52903464490932
44 	 4.52234309710212
44 	 3.81054955019983
44 	 4.37351671258165
44 	 4.29032562030342
44 	 4.59213225490794
44 	 4.44386829642508
44 	 4.17302781903014
44 	 4.44345031714813
44 	 4.39097239079068
44 	 4.4906632753128
44 	 4.66505404195849
44 	 4.79652907295133
44 	 4.5016903627061
44 	 4.30196286933098
44 	 4.3283414270613
45 	 4.20791573021127
45 	 4.58012585887972
45 	 4.10788178190413
45 	 4.34759867623468
45 	 3.98590918283871
45 	 4.20633977313705
45 	 4.71132677765227
45 	 4.44904004050597
45 	 4.16400830907054
45 	 4.53977186295513
45 	 4.48412413409172
45 	 4.50124118614229
45 	 4.35302812429721
45 	 4.14723972698655
45 	 4.2769369304803
45 	 4.51542256630124
45 	 4.34021139876233
45 	 4.51347040446974
45 	 4.25119835913827
45 	 4.24242283745691
46 	 4.17246730176469
46 	 4.5931452677236
46 	 4.29960293965966
46 	 4.3495424086256
46 	 4.26139741167969
46 	 4.32694596742159
46 	 4.47758088923444
46 	 4.37951371247716
46 	 4.87745093113606
46 	 4.21250755861507
46 	 4.47117781626668
46 	 4.48496494507343
46 	 4.12514989460131
46 	 4.39313777239344
46 	 4.651932564707
46 	 4.25159178973642
46 	 4.14375511139441
46 	 4.76560494724863
46 	 4.40835809211749
46 	 4.55999222745936
47 	 4.31843999820803
47 	 4.31314375567239
47 	 4.57139031056301
47 	 4.72831382017568
47 	 4.48742974674757
47 	 4.00204612787885
47 	 4.48201754430001
47 	 4.43190719233006
47 	 4.82752128361631
47 	 4.403081384528
47 	 4.59558263131119
47 	 4.52067103157691
47 	 4.71985681459672
47 	 4.23182497444955
47 	 4.53949201860781
47 	 4.61468881860497
47 	 4.54919194271848
47 	 3.87372372142024
47 	 4.28991840981714
47 	 4.18797270457433
48 	 4.24551784801687
48 	 4.37505236851064
48 	 4.37432927391725
48 	 4.51748928509323
48 	 4.43369218837354
48 	 4.03386029628099
48 	 4.18917764670082
48 	 4.59401685265663
48 	 4.19342019106645
48 	 4.60001496401096
48 	 4.55687179872093
48 	 4.21302828823943
48 	 4.32040641881483
48 	 4.40354953773586
48 	 4.39650837350901
48 	 4.18369257400341
48 	 4.28242143644071
48 	 4.49534279433696
48 	 4.24722543687938
48 	 4.22659312621902
49 	 4.12583305196569
49 	 4.53536516130865
49 	 4.25661716294443
49 	 4.27513025824794
49 	 4.40875759716522
49 	 4.27820392174692
49 	 4.73656974550241
49 	 4.34190680387986
49 	 4.56491038575329
49 	 4.48555808127873
49 	 4.25030070904552
49 	 4.45676268338574
49 	 3.93221307815709
49 	 4.19202066446607
49 	 4.15358134870715
49 	 4.28772647685497
49 	 4.39795147101437
49 	 4.06389439054797
49 	 4.24937025977184
49 	 4.58507120950726
50 	 4.57563227000654
50 	 3.99494787957179
50 	 4.20485753013436
50 	 4.41000216394253
50 	 4.21320344696417
50 	 4.37857926989693
50 	 4.52226909479224
50 	 4.11297834193296
50 	 4.64053084689638
50 	 4.76122000258955
50 	 4.32734603987574
50 	 4.31811354925444
50 	 4.68263365406743
50 	 4.29841019579708
50 	 4.43234163667492
50 	 4.40883377205528
50 	 4.50153892282538
50 	 4.32524510108975
50 	 4.55595880989214
50 	 4.25080443598137
51 	 4.5203833123251
51 	 4.55854690725981
51 	 4.42701465882901
51 	 4.31966227980485
51 	 4.3330973130195
51 	 4.27427035823901
51 	 4.06937817509081
51 	 4.21495426134994
51 	 4.5396694784429
51 	 4.08169367706497
51 	 4.45952384767586
51 	 4.55003201284265
51 	 4.33197452370123
51 	 4.3607922564021
51 	 4.59094657176661
51 	 4.29147277832473
51 	 4.21959301319036
51 	 4.27940780653162
51 	 4.4706861731486
51 	 4.37281026316386
52 	 4.39597629174338
52 	 4.31231391333038
52 	 4.55305873062414
52 	 4.84617402468248
52 	 4.39501398184454
52 	 4.30746630278309
52 	 4.16289986607187
52 	 4.31110661042888
52 	 4.33242394289918
52 	 4.38647289717484
52 	 4.52606996661102
52 	 4.4097296186396
52 	 4.80430580206565
52 	 4.59561495860798
52 	 4.44064746552853
52 	 4.51318410714793
52 	 4.27101309174181
52 	 4.2776528659599
52 	 4.15340276572817
52 	 4.19752511383055
53 	 4.35633326747836
53 	 4.34328005627452
53 	 4.68652620569072
53 	 4.37737807145749
53 	 4.51997684287008
53 	 4.31176912773217
53 	 4.56235517514758
53 	 4.27720603117166
53 	 4.32615085323724
53 	 3.88891582230423
53 	 4.16868245950692
53 	 4.39937869649516
53 	 4.38465598952335
53 	 4.39732362378155
53 	 4.46316092830948
53 	 4.30998907760338
53 	 4.2917019626683
53 	 4.58259177896487
53 	 4.40482858866856
53 	 4.38237844827139
54 	 4.40671189004525
54 	 4.20192654983384
54 	 4.3614232130857
54 	 4.46229631413298
54 	 4.51447224431826
54 	 4.05168764477185
54 	 4.64454976858026
54 	 4.21594151085331
54 	 4.4516789658782
54 	 4.20151507478268
54 	 4.32760045460623
54 	 4.65508576543204
54 	 4.278377260986
54 	 4.29824433418491
54 	 4.30764573484304
54 	 4.46920299471465
54 	 4.29547272815321
54 	 4.36865330091617
54 	 4.58794426910741
54 	 4.46171539030867
55 	 4.07761659012893
55 	 4.73543104063472
55 	 4.45496684059251
55 	 4.75984086276224
55 	 4.42058974068054
55 	 4.1900744898507
55 	 4.20343681108436
55 	 4.41248681063548
55 	 4.73330978703189
55 	 4.21729286909628
55 	 4.50357120082751
55 	 4.26087494740646
55 	 4.17068431199523
55 	 4.40699154588465
55 	 4.23303719681564
55 	 4.26918705923533
55 	 4.56958469486908
55 	 4.60849978000527
55 	 4.19869928363681
55 	 4.67850794992403
56 	 4.45125558784718
56 	 4.694848896284
56 	 4.50794067062361
56 	 4.13626602355454
56 	 4.22984097843246
56 	 4.37922799591322
56 	 4.50772889727835
56 	 4.35260709084992
56 	 4.09301438797602
56 	 4.43270667065334
56 	 4.43198379821374
56 	 4.34956163088317
56 	 4.38824903748712
56 	 4.53611493383395
56 	 4.48818500140001
56 	 4.43890242946966
56 	 4.52542303158462
56 	 4.33477348137122
56 	 4.26065952384682
56 	 4.54401543866968
57 	 4.30930953830621
57 	 4.67895784737229
57 	 4.79611904968565
57 	 4.25841537272022
57 	 4.031326548319
57 	 4.27782159587834
57 	 4.46649533203816
57 	 4.1365214634265
57 	 4.55539985551384
57 	 4.30817364310218
57 	 4.46132654193146
57 	 4.67163506256047
57 	 4.51975854065312
57 	 4.26819028409652
57 	 4.41004675966585
57 	 4.3609033976282
57 	 4.64751228190763
57 	 4.317390952712
57 	 4.43718567103792
57 	 4.29351446111658
58 	 4.65041863790313
58 	 4.4319580662195
58 	 4.4552812565751
58 	 4.70603849383317
58 	 4.40437881835164
58 	 4.35042166939638
58 	 4.45615304678732
58 	 4.47875352990131
58 	 4.41378395763321
58 	 4.38842655576371
58 	 4.3375582382755
58 	 4.13040374384067
58 	 4.23525551383239
58 	 4.30857968746418
58 	 4.32518386837248
58 	 3.99728090903809
58 	 4.48110919818261
58 	 4.30605787323627
58 	 4.41960633574893
58 	 4.54386833907518
59 	 4.45534909965142
59 	 4.30122409572813
59 	 4.42999818561742
59 	 4.51578355047594
59 	 4.34295693704633
59 	 4.68725496456825
59 	 4.37036614620038
59 	 4.49104560615514
59 	 4.42571085851544
59 	 4.70735599680381
59 	 4.45231451324145
59 	 4.37341553488444
59 	 4.53937642313199
59 	 4.58214823915645
59 	 4.28530359757064
59 	 4.4392036775925
59 	 4.46951774961193
59 	 4.51783219382237
59 	 4.19427051603019
59 	 4.3562318726943
60 	 4.33471062236314
60 	 4.38053145035688
60 	 4.29286242324099
60 	 4.5475871201121
60 	 4.31742183474737
60 	 4.37837413936163
60 	 4.21468096339435
60 	 4.38663382989192
60 	 4.44717160100598
60 	 4.53190367639445
60 	 4.17778273780905
60 	 4.57326958590472
60 	 4.34290606994875
60 	 4.64299216352032
60 	 4.42668848900087
60 	 4.5692492459327
60 	 4.09120424059648
60 	 4.49886077861916
60 	 4.76803985443657
60 	 4.1831355117497
61 	 4.51175752603812
61 	 4.24399151038736
61 	 4.38173077807258
61 	 4.51917320933766
61 	 4.32227817101406
61 	 4.67106323683394
61 	 4.36017605855514
61 	 4.11066834249025
61 	 4.36770606017025
61 	 4.28385407443519
61 	 4.52606394183148
61 	 4.37602120142664
61 	 4.14425176488893
61 	 4.70789553792362
61 	 4.21675315354272
61 	 4.38947673075455
61 	 4.45819193009092
61 	 4.53321192616392
61 	 4.33007045367439
61 	 4.67290068700272
62 	 4.44363824203153
62 	 4.35653121866318
62 	 4.44272835215133
62 	 4.2908153436984
62 	 4.61023409893625
62 	 4.44734262572519
62 	 4.55749803453373
62 	 4.28095175915094
62 	 4.31726898368577
62 	 4.3707796966343
62 	 4.60549845836162
62 	 4.45948669104392
62 	 4.43693519656538
62 	 4.39698540945248
62 	 4.29696731941132
62 	 4.35913389968022
62 	 4.2460659390772
62 	 4.41088953067218
62 	 4.39677625712682
62 	 4.48807748702485
63 	 4.49238803841592
63 	 4.57010644328601
63 	 4.39634777934847
63 	 4.3777072158744
63 	 4.13637420213856
63 	 4.63630643699869
63 	 4.36268029565948
63 	 4.41783366974258
63 	 4.58105866182724
63 	 4.40419546660742
63 	 4.43839207066928
63 	 4.14254452846243
63 	 4.56218438280665
63 	 4.62457920952783
63 	 4.40042657145319
63 	 4.43749993115968
63 	 4.24299871240979
63 	 4.47415394492907
63 	 4.57265648710659
63 	 4.30209268706762
64 	 4.38274895407779
64 	 4.36061966295624
64 	 4.56355727020624
64 	 4.16867834158794
64 	 4.43565764752993
64 	 4.39719214542974
64 	 4.43480561459416
64 	 4.45780979901802
64 	 4.45407243362704
64 	 4.44411080327026
64 	 4.50504596339667
64 	 4.43828942057412
64 	 4.2927941951114
64 	 4.6193561843695
64 	 4.2524326986329
64 	 4.48310397602106
64 	 4.33203136478004
64 	 4.63486605053015
64 	 4.26030243613483
64 	 4.24098829359271
65 	 4.39075276890549
65 	 4.41485257713213
65 	 4.57351355678471
65 	 4.47108017838064
65 	 4.71390053576963
65 	 4.27643638470973
65 	 4.38107026244349
65 	 4.61657424964381
65 	 4.33794491150846
65 	 4.46660818380575
65 	 4.56730025237346
65 	 4.64103845222553
65 	 4.22850299005979
65 	 4.2752206745436
65 	 4.64273798525865
65 	 4.36557299451236
65 	 4.39231495194508
65 	 4.10355832055734
65 	 4.36762771616778
65 	 4.1849754818516
66 	 4.48958437295248
66 	 4.30432665287019
66 	 4.78667255360372
66 	 4.47567982804339
66 	 4.27914811150897
66 	 4.43902328750938
66 	 4.41297012773787
66 	 4.2308452186213
66 	 4.38103574731533
66 	 4.63394958002592
66 	 4.27064410071485
66 	 4.27303105255197
66 	 4.47639835577037
66 	 4.4707032694398
66 	 4.45399614379629
66 	 4.30383673419158
66 	 4.31633763384026
66 	 4.87010307948998
66 	 4.21062536995808
66 	 4.25466087664477
67 	 4.37164024613585
67 	 4.38161888448462
67 	 4.15403041841394
67 	 4.40415153640501
67 	 4.4060083512811
67 	 4.3508546967894
67 	 4.35141214999785
67 	 4.37462244380175
67 	 4.57361309173409
67 	 4.40938580057501
67 	 4.45625641441545
67 	 4.28109769441857
67 	 4.46390955305458
67 	 4.04679243342722
67 	 4.38505928234021
67 	 4.73664404708473
67 	 4.51200620548898
67 	 4.56748421539363
67 	 4.32979092578846
67 	 4.46230779617528
68 	 4.55274541035745
68 	 4.25552780548126
68 	 4.45556681391193
68 	 4.26884172947908
68 	 4.24813807306115
68 	 4.17989718431341
68 	 4.55241465952869
68 	 4.32076032238457
68 	 4.51118914141543
68 	 4.10839485208285
68 	 4.4744020778224
68 	 4.40373983370332
68 	 4.42901604062099
68 	 4.62220803891408
68 	 4.46731290442387
68 	 4.543763874862
68 	 4.47330820414676
68 	 4.51090780601964
68 	 4.51745887407588
68 	 4.21206718318896
69 	 4.51900998063217
69 	 4.45927851158068
69 	 4.43356140052588
69 	 4.53262522273288
69 	 4.40716927949804
69 	 4.41013410289511
69 	 4.37819950319811
69 	 4.49815610354682
69 	 4.25092085700459
69 	 4.34902468955675
69 	 4.47127423497196
69 	 4.62941662211334
69 	 4.41606738681219
69 	 4.68813513496548
69 	 4.5566508332043
69 	 4.55679756206256
69 	 4.3347274426277
69 	 4.3651156168563
69 	 4.55608305217509
69 	 4.31174672807698
70 	 4.69142081526368
70 	 4.15239677998552
70 	 4.23350231811026
70 	 4.06529042162846
70 	 4.35929938776327
70 	 4.66861401012504
70 	 4.40920126366467
70 	 4.06775630438551
70 	 4.41879234055098
70 	 4.51534132392983
70 	 4.4856828934656
70 	 4.46206876724838
70 	 4.57566313079551
70 	 4.38284216003751
70 	 4.48861286449824
70 	 4.3623639319076
70 	 4.3497062564716
70 	 4.33985959107096
70 	 4.64287964516141
70 	 4.67779945425281
71 	 4.28602985638086
71 	 4.38441235011333
71 	 4.87405977553027
71 	 4.42871972773343
71 	 4.32786609057024
71 	 4.31955775440382
71 	 4.29071552357506
71 	 4.39987340119425
71 	 4.68321450038887
71 	 4.0811320700363
71 	 4.46267394333565
71 	 4.30385386395493
71 	 4.39292486056944
71 	 4.75014560069248
71 	 4.61434135500378
71 	 4.60422712719165
71 	 4.39751820813635
71 	 4.51193865941889
71 	 4.50613255193812
71 	 4.35744559331127
72 	 4.40267253335603
72 	 4.42914224682598
72 	 4.2958626372633
72 	 4.42643281675705
72 	 4.37852100841031
72 	 4.50486362233354
72 	 4.60090581042985
72 	 4.32193557877757
72 	 4.43312059839054
72 	 4.42000938793112
72 	 4.82544036453106
72 	 4.33145694567233
72 	 4.25770461003483
72 	 4.29619508411442
72 	 4.32821395604047
72 	 4.41193321474862
72 	 4.58038557902291
72 	 4.24679029577323
72 	 4.71975777964378
72 	 4.36063408229685
73 	 4.22137335244889
73 	 4.34270952529184
73 	 4.15086499756129
73 	 4.40517191640106
73 	 4.54798585416402
73 	 4.46373994918276
73 	 4.27408427956983
73 	 4.43142602050664
73 	 4.46504951168288
73 	 4.24287987992835
73 	 4.51465412315562
73 	 4.32342758560568
73 	 4.42490523195684
73 	 4.4724898259894
73 	 4.45567296847038
73 	 4.36167360023548
73 	 4.45373034880804
73 	 4.10312668977051
73 	 4.44728673935039
73 	 4.31075524694904
74 	 4.09484355558963
74 	 4.56063749875231
74 	 4.17346605126538
74 	 4.59757391730389
74 	 4.36364465624407
74 	 4.60837606339487
74 	 4.52319515640136
74 	 4.41199146908108
74 	 4.40086962250126
74 	 4.40444780060601
74 	 4.46799584334522
74 	 4.6978237710052
74 	 4.53568132559187
74 	 4.39051050469121
74 	 4.30986794839899
74 	 4.45284235795556
74 	 4.34120160401256
74 	 4.29972222888971
74 	 4.27574633390874
74 	 4.37475235414414
75 	 4.38335720481736
75 	 4.4158966822731
75 	 4.20829783113606
75 	 4.52174323985756
75 	 4.2916363118545
75 	 4.51390457046521
75 	 4.58641298914569
75 	 4.40526202323084
75 	 4.15918761361293
75 	 4.216224394429
75 	 4.38060132612786
75 	 4.36745738391062
75 	 4.37542728834512
75 	 4.57400461057333
75 	 4.56037453666066
75 	 4.40815569593286
75 	 4.50815609037778
75 	 4.29868549993889
75 	 4.44160263077983
75 	 4.56600491921481
76 	 4.50508507686011
76 	 4.37915209411066
76 	 4.74462563716534
76 	 4.49317777117296
76 	 4.33362796847119
76 	 4.77744874742045
76 	 4.59485841432645
76 	 4.80973048626054
76 	 4.46183039808304
76 	 4.57071831420407
76 	 4.52103003958687
76 	 4.16132705807903
76 	 4.45256557767214
76 	 4.3982874534396
76 	 4.53358682143885
76 	 4.43179457550922
76 	 4.47364831877803
76 	 4.54891160050134
76 	 4.34650683661817
76 	 4.48302786804151
77 	 4.39715335724252
77 	 4.24330540299027
77 	 4.6180668605075
77 	 4.29695737972344
77 	 4.42477464665998
77 	 4.64183436938451
77 	 4.58994675181559
77 	 4.32358364497254
77 	 4.78115558529484
77 	 4.64517436216196
77 	 4.51076386456666
77 	 4.51053995514162
77 	 4.32760105791175
77 	 4.68773851197891
77 	 4.38292524426446
77 	 4.38757768774909
77 	 4.44494664108192
77 	 4.45557254662636
77 	 4.52957170958823
77 	 4.30408778495622
78 	 4.55334408300922
78 	 4.58686055507206
78 	 4.54054074945956
78 	 4.41165996125584
78 	 4.54967990483019
78 	 4.52585555422684
78 	 4.49383921311907
78 	 4.54575309890515
78 	 4.55241024394312
78 	 4.6226889078459
78 	 4.40007419378222
78 	 4.52714063888405
78 	 4.20198167930694
78 	 4.37890760810799
78 	 4.30725462097961
78 	 4.70161014229397
78 	 4.35495397640694
78 	 4.13615143665365
78 	 4.39813782010622
78 	 4.28615247929777
79 	 4.20898404093441
79 	 4.50413673967179
79 	 4.50748088559904
79 	 4.44441779790185
79 	 4.52017760158162
79 	 4.41129555306686
79 	 4.29037068571237
79 	 4.26681347357226
79 	 4.47318523392188
79 	 4.34393643467107
79 	 4.65124623801107
79 	 4.64815646453427
79 	 4.43498845842442
79 	 4.34499723104947
79 	 4.49428142589755
79 	 4.417866211086
79 	 4.38594819840322
79 	 4.2359973869158
79 	 4.33406527748483
79 	 4.46965419790297
80 	 4.41921664381715
80 	 4.4739890288174
80 	 4.46926347272512
80 	 4.31552711228898
80 	 4.38423757934714
80 	 4.64855131137207
80 	 4.2533423501623
80 	 4.42644625167047
80 	 4.65243400154534
80 	 4.27420738953216
80 	 4.44486099848494
80 	 4.69644254023651
80 	 4.3231311252917
80 	 4.4880604981657
80 	 4.47923973138927
80 	 4.14153394835111
80 	 4.52067315942662
80 	 4.37004471621486
80 	 4.42781703719183
80 	 4.64288369960904
81 	 4.67714915308949
81 	 4.33909468293398
81 	 4.37727867088447
81 	 4.42350665729095
81 	 4.58747405952028
81 	 4.32274785814942
81 	 4.29144864008585
81 	 4.3496034185169
81 	 4.44755767642059
81 	 4.56089114943298
81 	 4.59356063951658
81 	 4.29433356638177
81 	 4.29306028632533
81 	 4.45081764502796
81 	 4.35688452474988
81 	 4.24148627293027
81 	 4.26984546295568
81 	 4.53707346062601
81 	 4.35303161113677
81 	 4.3913497005498
82 	 4.59257849872376
82 	 4.62847522768311
82 	 4.37868650810978
82 	 4.51248355306303
82 	 4.43553711784113
82 	 4.24937794976432
82 	 4.5194584863503
82 	 4.30708098307301
82 	 4.43105540271843
82 	 4.45704336132153
82 	 4.5514886880542
82 	 4.40628431508191
82 	 4.51263096844095
82 	 4.26315093817981
82 	 4.44524957524858
82 	 4.53389568230625
82 	 4.43956877037287
82 	 4.31996415292444
82 	 4.44817876538524
82 	 4.38798789580872
83 	 4.53639472052424
83 	 4.52741703236841
83 	 4.42972113149274
83 	 4.53054457712977
83 	 4.49257094220076
83 	 4.36483931629453
83 	 4.60383011186702
83 	 4.56961215009064
83 	 4.69720146096415
83 	 4.39025871188172
83 	 4.61811601454802
83 	 4.28338481785191
83 	 4.64571325422975
83 	 4.34752537204988
83 	 4.66451478004781
83 	 4.3160193773182
83 	 4.67312435164864
83 	 4.52377937551957
83 	 4.25832030036197
83 	 4.19310007046067
84 	 4.51623533571553
84 	 4.40112834103165
84 	 4.63564463634521
84 	 4.52227826819661
84 	 4.40482973024706
84 	 4.43920252096165
84 	 4.19724964335921
84 	 4.55799380992968
84 	 4.41254270215121
84 	 4.40925972444676
84 	 4.64748699872984
84 	 4.52641259536859
84 	 4.48912029497631
84 	 4.4534140174305
84 	 4.26873366931351
84 	 4.35024828113886
84 	 4.36895768365856
84 	 4.2986212279014
84 	 4.35862951308921
84 	 4.38594876658037
85 	 4.57760801629899
85 	 4.49527627252257
85 	 4.45029445048782
85 	 4.53328494242415
85 	 4.66078352091001
85 	 4.59054141358895
85 	 4.76331144139126
85 	 4.31763248108638
85 	 4.31816992317481
85 	 4.45144295052338
85 	 4.49291030881983
85 	 4.40938938025233
85 	 4.53112421066755
85 	 4.5351718324376
85 	 4.38368870952966
85 	 4.61657076178188
85 	 4.21157439678563
85 	 4.35080635695067
85 	 4.5536701507334
85 	 4.54989364004937
86 	 4.59330809553617
86 	 4.55748884941173
86 	 4.34774578974433
86 	 4.52176029955729
86 	 4.14345985199302
86 	 4.58433989884
86 	 4.47488221478487
86 	 4.18196964091075
86 	 4.43202161696737
86 	 4.81326213339237
86 	 4.53925916203489
86 	 4.39908722173031
86 	 4.37072228649688
86 	 4.4573024395666
86 	 4.51499759273733
86 	 4.51386943352329
86 	 4.36208983951713
86 	 4.38912539576361
86 	 4.13754606958184
86 	 4.57503480033539
87 	 4.3326666848014
87 	 4.44937630632437
87 	 4.41801010716319
87 	 4.62158643613421
87 	 4.47832264176802
87 	 4.63128822597784
87 	 4.34003755887783
87 	 4.70759269111039
87 	 4.71427924896597
87 	 4.454143336915
87 	 4.22203284630217
87 	 4.39547521063344
87 	 4.54536155199777
87 	 4.41870211195976
87 	 4.40323808129046
87 	 4.37751354208064
87 	 4.41164764616602
87 	 4.71416548434831
87 	 4.19564611495605
87 	 4.41716651223715
88 	 4.56337525405299
88 	 4.53895794417231
88 	 4.40024134067244
88 	 4.42488132403018
88 	 4.41969609860794
88 	 4.36479023221499
88 	 4.24302430280875
88 	 4.54557867994051
88 	 4.46396769633116
88 	 4.25202492829928
88 	 4.43959342456153
88 	 4.48069657677792
88 	 4.40424556322021
88 	 4.52511215446474
88 	 4.33060159318576
88 	 4.4531318364313
88 	 4.42447971811493
88 	 4.43496892783666
88 	 4.55695669615757
88 	 4.46604592786089
89 	 4.31809143584599
89 	 4.29450742529773
89 	 4.49951235692971
89 	 4.3075022497604
89 	 4.68546952448613
89 	 4.47618538638771
89 	 4.75127053106623
89 	 4.53611151006166
89 	 4.52919952517173
89 	 4.38915289667598
89 	 4.88223581208847
89 	 4.38265041223207
89 	 4.34981105531818
89 	 4.19281912146345
89 	 4.74042861092648
89 	 4.44532082551824
89 	 4.64673825392587
89 	 4.46862164929935
89 	 4.49947176698729
89 	 4.52124847355662
90 	 4.44080400098363
90 	 4.3085206471381
90 	 4.289650319032
90 	 4.63584195513232
90 	 4.30062223896744
90 	 4.35873288683825
90 	 4.60616689172796
90 	 4.42321048807898
90 	 4.42640098407944
90 	 4.44334141790485
90 	 4.14478674120611
90 	 4.43784644404773
90 	 4.49833422701529
90 	 4.4075908778317
90 	 4.36870417114582
90 	 4.50621196405052
90 	 4.41131831495436
90 	 4.47383460078857
90 	 4.58791375044269
90 	 4.22300013368733
91 	 4.57965815190999
91 	 4.15734221367372
91 	 4.23527685159228
91 	 4.73350288893787
91 	 4.36541427871331
91 	 4.59757320119018
91 	 4.16340377541912
91 	 4.2548038620366
91 	 4.66410465600572
91 	 4.63178019372101
91 	 4.66247651797813
91 	 4.58131856914032
91 	 4.55817955425735
91 	 4.85928767751458
91 	 4.33478532769501
91 	 4.22382792595175
91 	 4.56083280012601
91 	 4.51280776970097
91 	 4.23175106774897
91 	 4.5895970733564
92 	 4.41132028790025
92 	 4.37845928347866
92 	 4.46808339419789
92 	 4.48076081317204
92 	 4.4270612103963
92 	 4.39974394206399
92 	 4.28214002584294
92 	 4.54413174297838
92 	 4.3297592238855
92 	 4.66877676004849
92 	 4.45874490300647
92 	 4.60216621245882
92 	 4.36954910142067
92 	 4.20188302877381
92 	 4.41450590533726
92 	 4.53906541424914
92 	 4.47010523590866
92 	 4.61739863034707
92 	 4.20871294728701
92 	 4.3599662788787
93 	 4.42544061282554
93 	 4.3479238455983
93 	 4.5863800544719
93 	 4.27293930879433
93 	 4.29200706786358
93 	 4.60766295994117
93 	 4.3200425735563
93 	 4.54430274149693
93 	 4.46535267081341
93 	 4.71642709738532
93 	 4.11324675737156
93 	 4.41202531939557
93 	 4.45606981642177
93 	 4.41094149690545
93 	 4.39264679934305
93 	 4.37750116377229
93 	 4.34600026882763
93 	 4.1904753610225
93 	 4.4221219007393
93 	 4.63406921716525
94 	 4.53293726594472
94 	 4.43290585630211
94 	 4.73885969417641
94 	 4.47571215614727
94 	 4.37866304088969
94 	 4.6120019381587
94 	 4.41778571681312
94 	 4.41710248778561
94 	 4.17363989294725
94 	 4.60564194634021
94 	 4.20054277777411
94 	 4.49605684522171
94 	 4.34299726186199
94 	 4.63082752985244
94 	 4.47557795948726
94 	 4.52472095282042
94 	 4.40237113984275
94 	 4.50665088271355
94 	 4.26520596067802
94 	 4.71441598712085
95 	 4.69426875626238
95 	 4.39446136308234
95 	 4.41741233890786
95 	 4.18981518173791
95 	 4.52850301761131
95 	 4.49022107178546
95 	 4.47650185469328
95 	 4.43382524228652
95 	 4.10737084417385
95 	 4.22125682107256
95 	 4.4377298399092
95 	 4.28946891577213
95 	 4.58788476779329
95 	 4.20573465183389
95 	 4.37738159043115
95 	 4.64526334432021
95 	 4.46353943737852
95 	 4.42058873917692
95 	 4.61422932884733
95 	 4.2205459077519
96 	 4.35293776082342
96 	 4.59112045616856
96 	 4.3044094229132
96 	 4.44972546065525
96 	 4.5019087609187
96 	 4.72222828444083
96 	 4.37367757701177
96 	 4.49592146849836
96 	 4.65382516002274
96 	 4.569491389509
96 	 4.45501590697834
96 	 4.59766270058082
96 	 4.36261936498781
96 	 4.51699494314101
96 	 4.5086987395889
96 	 4.53759641944455
96 	 4.14585740659207
96 	 4.47533993218836
96 	 4.52960065998364
97 	 4.47402114391625
97 	 4.53586429877413
97 	 4.49526921799248
97 	 4.41100578480642
97 	 4.38836024744092
97 	 4.34038453607734
97 	 4.71372183617606
97 	 4.47344170645417
97 	 4.36540089487954
97 	 4.25653887733434
97 	 4.5427142025996
97 	 4.32521473607563
97 	 4.45295017298563
97 	 4.32236708928393
97 	 4.2486543933972
97 	 4.31007733002267
97 	 4.33792506642247
97 	 4.47720879873522
97 	 4.45506037998136
97 	 4.38520327513896
98 	 4.35907091477684
98 	 4.46716503629967
98 	 4.77638495070646
98 	 4.31601014055603
98 	 4.3777778268199
98 	 4.52917726075616
98 	 4.45918237798596
98 	 4.45435822724954
98 	 4.45196595818655
98 	 4.39346278566003
98 	 4.67315088677786
98 	 4.33345037479746
98 	 4.49076057599547
98 	 4.7885006347154
98 	 4.43225721194342
98 	 4.35011954753062
98 	 4.36047664810797
98 	 4.56223864648267
98 	 4.3644349685262
99 	 4.64313422722083
99 	 4.64368396644226
99 	 4.5508726912026
99 	 4.38155669733701
99 	 4.41087858544109
99 	 4.68511826635996
99 	 4.44240387813806
99 	 4.44737280550314
99 	 4.61737003494033
99 	 4.43883730597898
99 	 4.58939101292188
99 	 4.34374683150349
99 	 4.78514759627593
99 	 4.59746053549795
99 	 4.43350398206569
99 	 4.2146810127048
99 	 4.67714627741167
99 	 4.14781670304961
99 	 4.27257084799654
99 	 4.50046877513335
100 	 4.4864405834822
100 	 4.46729733096359
100 	 4.30327189212173
100 	 4.55044018963157
100 	 4.55746611933998
100 	 4.60161752447559
100 	 4.73194712461494
100 	 4.34096343131324
100 	 4.52883097298961
100 	 4.41345234789485
100 	 4.60948891767991
100 	 4.29809349661222
100 	 4.60847995839464
100 	 4.53283032450133
100 	 4.67036487039983
100 	 4.45625050074814
100 	 4.4284358810628
100 	 4.77659204141987
100 	 4.4816229670063
100 	 4.63052295342963
